>sp_O60508_PRP17_HUMAN_Pr
Amino Acid	probability_DNA	binary_DNA		probability_RNA	binary_RNA
         m	         0.1006	         0		         0.0700	         0	
         s	         0.1675	         0		         0.0819	         0	
         a	         0.0952	         0		         0.0629	         0	
         a	         0.0976	         0		         0.0591	         0	
         i	         0.1386	         0		         0.0888	         0	
         a	         0.1005	         0		         0.0681	         0	
         a	         0.1005	         0		         0.0601	         0	
         l	         0.0808	         0		         0.0542	         0	
         a	         0.1112	         0		         0.0558	         0	
         a	         0.1525	         0		         0.0550	         0	
         s	         0.2070	         0		         0.0571	         0	
         y	         0.1882	         0		         0.0594	         0	
         g	         0.2071	         0		         0.0620	         0	
         s	         0.2916	         0		         0.0686	         0	
         g	         0.2033	         0		         0.0661	         0	
         s	         0.3175	         0		         0.0651	         0	
         g	         0.2399	         0		         0.0681	         0	
         s	         0.2489	         0		         0.0738	         0	
         e	         0.1665	         0		         0.0601	         0	
         s	         0.1658	         0		         0.0683	         0	
         d	         0.1301	         0		         0.0608	         0	
         s	         0.1487	         0		         0.0773	         0	
         d	         0.1390	         0		         0.0684	         0	
         s	         0.1389	         0		         0.0847	         0	
         e	         0.1234	         0		         0.0711	         0	
         s	         0.1177	         0		         0.0756	         0	
         s	         0.0959	         0		         0.0789	         0	
         r	         0.0954	         0		         0.0697	         0	
         c	         0.0911	         0		         0.0811	         0	
         p	         0.1125	         0		         0.1031	         0	
         l	         0.1009	         0		         0.0879	         0	
         p	         0.1226	         0		         0.1004	         0	
         a	         0.1151	         0		         0.0919	         0	
         a	         0.0913	         0		         0.0776	         0	
         d	         0.1012	         0		         0.0797	         0	
         s	         0.0820	         0		         0.0488	         0	
         l	         0.0792	         0		         0.0490	         0	
         m	         0.1132	         0		         0.0556	         0	
         h	         0.1208	         0		         0.0555	         0	
         l	         0.0944	         0		         0.0560	         0	
         t	         0.1281	         0		         0.0611	         0	
         k	         0.1735	         0		         0.0590	         0	
         s	         0.3342	         0		         0.0692	         0	
         p	         0.1175	         0		         0.0547	         0	
         s	         0.2046	         0		         0.0680	         0	
         s	         0.1581	         0		         0.0568	         0	
         k	         0.2248	         0		         0.0601	         0	
         p	         0.1299	         0		         0.0558	         0	
         s	         0.1544	         0		         0.0667	         0	
         l	         0.1096	         0		         0.0521	         0	
         a	         0.1137	         0		         0.0688	         0	
         v	         0.1017	         0		         0.0615	         0	
         a	         0.1179	         0		         0.0614	         0	
         v	         0.0873	         0		         0.0557	         0	
         d	         0.0919	         0		         0.0690	         0	
         s	         0.0935	         0		         0.0729	         0	
         a	         0.0896	         0		         0.0733	         0	
         p	         0.0934	         0		         0.0807	         0	
         e	         0.1143	         0		         0.0809	         0	
         v	         0.0864	         0		         0.0739	         0	
         a	         0.0879	         0		         0.0733	         0	
         v	         0.0928	         0		         0.0756	         0	
         k	         0.1019	         0		         0.0754	         0	
         e	         0.0926	         0		         0.0765	         0	
         d	         0.0861	         0		         0.0749	         0	
         l	         0.0806	         0		         0.0718	         0	
         e	         0.1002	         0		         0.0790	         0	
         t	         0.0884	         0		         0.0775	         0	
         g	         0.0908	         0		         0.0760	         0	
         v	         0.0921	         0		         0.0775	         0	
         h	         0.1116	         0		         0.0849	         0	
         l	         0.0854	         0		         0.0681	         0	
         d	         0.1010	         0		         0.0720	         0	
         p	         0.0853	         0		         0.0676	         0	
         a	         0.0919	         0		         0.0606	         0	
         v	         0.1064	         0		         0.0696	         0	
         e	         0.0831	         0		         0.0624	         0	
         v	         0.0855	         0		         0.0653	         0	
         q	         0.1469	         0		         0.0805	         0	
         y	         0.1977	         0		         0.0782	         0	
         n	         0.1675	         0		         0.0790	         0	
         p	         0.1015	         0		         0.0671	         0	
         t	         0.1757	         0		         0.0768	         0	
         y	         0.1430	         0		         0.0699	         0	
         e	         0.1016	         0		         0.0650	         0	
         t	         0.1033	         0		         0.0696	         0	
         m	         0.0775	         0		         0.0630	         0	
         f	         0.0969	         0		         0.0755	         0	
         a	         0.1022	         0		         0.0579	         0	
         p	         0.0989	         0		         0.0701	         0	
         e	         0.0914	         0		         0.0642	         0	
         f	         0.1010	         0		         0.0607	         0	
         g	         0.1556	         0		         0.0728	         0	
         p	         0.1011	         0		         0.0766	         0	
         e	         0.1097	         0		         0.0657	         0	
         n	         0.2899	         0		         0.0857	         0	
         p	         0.1400	         0		         0.0773	         0	
         f	         0.1184	         0		         0.0857	         0	
         r	         0.1951	         0		         0.0770	         0	
         t	         0.1875	         0		         0.0877	         0	
         q	         0.1278	         0		         0.0710	         0	
         q	         0.1470	         0		         0.0701	         0	
         m	         0.1672	         0		         0.0760	         0	
         a	         0.1499	         0		         0.0662	         0	
         a	         0.1162	         0		         0.0569	         0	
         p	         0.1244	         0		         0.0620	         0	
         r	         0.2964	         0		         0.0745	         0	
         n	         0.3514	         0		         0.0737	         0	
         m	         0.1794	         0		         0.0661	         0	
         l	         0.0969	         0		         0.0505	         0	
         s	         0.1825	         0		         0.0594	         0	
         g	         0.1592	         0		         0.0611	         0	
         y	         0.2071	         0		         0.0660	         0	
         a	         0.0871	         0		         0.0507	         0	
         e	         0.0817	         0		         0.0489	         0	
         p	         0.1017	         0		         0.0703	         0	
         a	         0.0924	         0		         0.0625	         0	
         h	         0.1446	         0		         0.0719	         0	
         i	         0.0850	         0		         0.0604	         0	
         n	         0.1505	         0		         0.0716	         0	
         d	         0.0927	         0		         0.0619	         0	
         f	         0.1009	         0		         0.0575	         0	
         m	         0.1150	         0		         0.0547	         0	
         f	         0.0987	         0		         0.0610	         0	
         e	         0.1094	         0		         0.0545	         0	
         q	         0.1412	         0		         0.0560	         0	
         q	         0.2133	         0		         0.0611	         0	
         r	         0.2564	         0		         0.0693	         0	
         r	         0.3135	         0		         0.0645	         0	
         t	         0.2247	         0		         0.0639	         0	
         f	         0.1349	         0		         0.0630	         0	
         a	         0.1763	         0		         0.0610	         0	
         t	         0.1655	         0		         0.0588	         0	
         y	         0.1193	         0		         0.0544	         0	
         g	         0.1104	         0		         0.0573	         0	
         y	         0.1750	         0		         0.0629	         0	
         a	         0.0954	         0		         0.0595	         0	
         l	         0.0871	         0		         0.0658	         0	
         d	         0.0999	         0		         0.0729	         0	
         p	         0.0880	         0		         0.0708	         0	
         s	         0.1569	         0		         0.0795	         0	
         l	         0.1037	         0		         0.0679	         0	
         d	         0.1246	         0		         0.0763	         0	
         n	         0.1541	         0		         0.0713	         0	
         h	         0.1798	         0		         0.0670	         0	
         q	         0.1118	         0		         0.0640	         0	
         v	         0.1277	         0		         0.0606	         0	
         s	         0.1288	         0		         0.0579	         0	
         a	         0.1583	         0		         0.0598	         0	
         k	         0.2417	         0		         0.0626	         0	
         y	         0.1645	         0		         0.0571	         0	
         i	         0.0974	         0		         0.0545	         0	
         g	         0.1179	         0		         0.0601	         0	
         s	         0.1122	         0		         0.0608	         0	
         v	         0.0916	         0		         0.0571	         0	
         e	         0.1009	         0		         0.0617	         0	
         e	         0.1184	         0		         0.0649	         0	
         a	         0.0961	         0		         0.0665	         0	
         e	         0.1092	         0		         0.0708	         0	
         k	         0.1739	         0		         0.0772	         0	
         n	         0.1355	         0		         0.0727	         0	
         q	         0.1446	         0		         0.0674	         0	
         g	         0.1285	         0		         0.0631	         0	
         l	         0.1277	         0		         0.0626	         0	
         t	         0.1290	         0		         0.0515	         0	
         v	         0.1051	         0		         0.0376	         0	
         f	         0.1405	         0		         0.0436	         0	
         e	         0.1809	         0		         0.0462	         0	
         t	         0.2257	         0		         0.0500	         0	
         g	         0.2449	         0		         0.0551	         0	
         q	         0.2470	         0		         0.0561	         0	
         k	         0.3645	         0		         0.0513	         0	
         K	         0.5418	         1		         0.0603	         0	
         t	         0.2415	         0		         0.0547	         0	
         e	         0.1405	         0		         0.0539	         0	
         k	         0.2368	         0		         0.0754	         0	
         r	         0.2321	         0		         0.0716	         0	
         k	         0.1659	         0		         0.0588	         0	
         k	         0.1962	         0		         0.0601	         0	
         f	         0.1230	         0		         0.0517	         0	
         k	         0.1714	         0		         0.0863	         0	
         e	         0.1469	         0		         0.0804	         0	
         n	         0.1482	         0		         0.0807	         0	
         d	         0.1109	         0		         0.0762	         0	
         a	         0.1004	         0		         0.0689	         0	
         s	         0.1300	         0		         0.0727	         0	
         n	         0.1383	         0		         0.0767	         0	
         i	         0.1223	         0		         0.0716	         0	
         d	         0.1488	         0		         0.0829	         0	
         g	         0.1385	         0		         0.0764	         0	
         f	         0.1203	         0		         0.0731	         0	
         l	         0.1021	         0		         0.0676	         0	
         g	         0.1288	         0		         0.0738	         0	
         p	         0.1001	         0		         0.0727	         0	
         w	         0.1539	         0		         0.0744	         0	
         a	         0.0999	         0		         0.0711	         0	
         k	         0.1643	         0		         0.0901	         0	
         y	         0.1229	         0		         0.0856	         0	
         v	         0.0831	         0		         0.0699	         0	
         d	         0.0907	         0		         0.0755	         0	
         e	         0.0758	         0		         0.0688	         0	
         k	         0.0871	         0		         0.0733	         0	
         d	         0.0755	         0		         0.0690	         0	
         v	         0.0806	         0		         0.0715	         0	
         a	         0.0831	         0		         0.0795	         0	
         k	         0.1107	         0		         0.0859	         0	
         p	         0.0765	         0		         0.0825	         0	
         s	         0.0847	         0		         0.0858	         0	
         e	         0.0733	         0		         0.0854	         0	
         e	         0.0716	         0		         0.0820	         0	
         e	         0.0712	         0		         0.0804	         0	
         q	         0.0760	         0		         0.0848	         0	
         k	         0.0741	         0		         0.0783	         0	
         e	         0.0688	         0		         0.0783	         0	
         l	         0.0723	         0		         0.0609	         0	
         d	         0.0761	         0		         0.0645	         0	
         e	         0.0790	         0		         0.0683	         0	
         i	         0.0734	         0		         0.0609	         0	
         t	         0.0829	         0		         0.0674	         0	
         a	         0.0896	         0		         0.0671	         0	
         k	         0.1138	         0		         0.0701	         0	
         r	         0.2329	         0		         0.0855	         0	
         q	         0.1484	         0		         0.0835	         0	
         k	         0.1925	         0		         0.0875	         0	
         k	         0.1697	         0		         0.0802	         0	
         g	         0.0992	         0		         0.0688	         0	
         k	         0.1345	         0		         0.0766	         0	
         q	         0.0953	         0		         0.0781	         0	
         e	         0.1000	         0		         0.0731	         0	
         e	         0.0838	         0		         0.0722	         0	
         e	         0.0818	         0		         0.0694	         0	
         k	         0.0929	         0		         0.0693	         0	
         p	         0.0799	         0		         0.0776	         0	
         g	         0.0825	         0		         0.0761	         0	
         e	         0.0858	         0		         0.0767	         0	
         e	         0.0828	         0		         0.0765	         0	
         k	         0.1257	         0		         0.0865	         0	
         t	         0.0955	         0		         0.0787	         0	
         i	         0.0782	         0		         0.0763	         0	
         l	         0.0769	         0		         0.0785	         0	
         h	         0.0997	         0		         0.0809	         0	
         v	         0.0851	         0		         0.0706	         0	
         k	         0.1008	         0		         0.0744	         0	
         e	         0.0835	         0		         0.0691	         0	
         m	         0.0853	         0		         0.0642	         0	
         y	         0.1112	         0		         0.0666	         0	
         d	         0.1099	         0		         0.0731	         0	
         y	         0.1707	         0		         0.0731	         0	
         q	         0.1305	         0		         0.0740	         0	
         g	         0.1068	         0		         0.0739	         0	
         r	         0.1793	         0		         0.0801	         0	
         s	         0.1186	         0		         0.0760	         0	
         y	         0.1267	         0		         0.0764	         0	
         l	         0.0878	         0		         0.0686	         0	
         h	         0.1167	         0		         0.0802	         0	
         i	         0.0867	         0		         0.0690	         0	
         p	         0.0996	         0		         0.0784	         0	
         q	         0.1102	         0		         0.0721	         0	
         d	         0.1257	         0		         0.0709	         0	
         v	         0.0981	         0		         0.0615	         0	
         g	         0.1267	         0		         0.0674	         0	
         v	         0.1079	         0		         0.0596	         0	
         n	         0.1625	         0		         0.0637	         0	
         l	         0.0991	         0		         0.0550	         0	
         r	         0.2432	         0		         0.0653	         0	
         s	         0.1393	         0		         0.0654	         0	
         t	         0.1100	         0		         0.0636	         0	
         m	         0.1095	         0		         0.0626	         0	
         p	         0.1203	         0		         0.0663	         0	
         p	         0.1180	         0		         0.0726	         0	
         e	         0.0954	         0		         0.0660	         0	
         k	         0.1017	         0		         0.0719	         0	
         c	         0.0836	         0		         0.0947	         0	
         y	         0.0992	         0		         0.0733	         0	
         l	         0.0736	         0		         0.0646	         0	
         p	         0.0857	         0		         0.0783	         0	
         k	         0.1168	         0		         0.0840	         0	
         k	         0.1180	         0		         0.0751	         0	
         q	         0.0767	         0		         0.0585	         0	
         i	         0.0861	         0		         0.0521	         0	
         h	         0.2012	         0		         0.0559	         0	
         v	         0.1622	         0		         0.0516	         0	
         w	         0.1254	         0		         0.0469	         0	
         s	         0.1927	         0		         0.0646	         0	
         g	         0.2117	         0		         0.0615	         0	
         h	         0.3517	         0		         0.0803	         0	
         t	         0.3406	         0		         0.0699	         0	
         k	         0.4381	         0		         0.0677	         0	
         g	         0.1941	         0		         0.0585	         0	
         v	         0.1131	         0		         0.0507	         0	
         s	         0.2108	         0		         0.0653	         0	
         a	         0.1156	         0		         0.0596	         0	
         v	         0.0801	         0		         0.0473	         0	
         r	         0.1139	         0		         0.0645	         0	
         l	         0.0871	         0		         0.0559	         0	
         f	         0.1156	         0		         0.0901	         0	
         p	         0.1081	         0		         0.0942	         0	
         l	         0.1061	         0		         0.0899	         0	
         s	         0.0930	         0		         0.1051	         0	
         g	         0.0908	         0		         0.1033	         0	
         h	         0.1318	         0		         0.1124	         0	
         l	         0.0819	         0		         0.0875	         0	
         l	         0.0759	         0		         0.0792	         0	
         l	         0.0794	         0		         0.0804	         0	
         s	         0.1414	         0		         0.1116	         0	
         c	         0.0948	         0		         0.0895	         0	
         s	         0.1372	         0		         0.1086	         0	
         m	         0.1070	         0		         0.0916	         0	
         d	         0.1179	         0		         0.1184	         0	
         c	         0.1109	         0		         0.0982	         0	
         k	         0.1420	         0		         0.1019	         0	
         i	         0.0714	         0		         0.0723	         0	
         k	         0.1134	         0		         0.0982	         0	
         l	         0.0736	         0		         0.0662	         0	
         w	         0.1346	         0		         0.0769	         0	
         e	         0.0962	         0		         0.0775	         0	
         v	         0.0767	         0		         0.0669	         0	
         y	         0.1118	         0		         0.0686	         0	
         g	         0.1135	         0		         0.0784	         0	
         e	         0.1171	         0		         0.0805	         0	
         r	         0.1959	         0		         0.0931	         0	
         r	         0.2039	         0		         0.0889	         0	
         c	         0.0938	         0		         0.0731	         0	
         l	         0.0851	         0		         0.0636	         0	
         r	         0.2346	         0		         0.0950	         0	
         t	         0.1538	         0		         0.0839	         0	
         f	         0.1077	         0		         0.0733	         0	
         i	         0.1283	         0		         0.0835	         0	
         g	         0.1378	         0		         0.0880	         0	
         h	         0.1912	         0		         0.1073	         0	
         s	         0.1477	         0		         0.1037	         0	
         k	         0.1727	         0		         0.0962	         0	
         a	         0.1231	         0		         0.0925	         0	
         v	         0.0775	         0		         0.0761	         0	
         r	         0.1511	         0		         0.0993	         0	
         d	         0.1116	         0		         0.0967	         0	
         i	         0.0820	         0		         0.0670	         0	
         c	         0.1112	         0		         0.0788	         0	
         f	         0.1232	         0		         0.0799	         0	
         n	         0.1977	         0		         0.0875	         0	
         t	         0.1888	         0		         0.0822	         0	
         a	         0.1928	         0		         0.0809	         0	
         g	         0.1738	         0		         0.0754	         0	
         t	         0.2173	         0		         0.0799	         0	
         q	         0.1312	         0		         0.0776	         0	
         f	         0.0853	         0		         0.0633	         0	
         l	         0.0914	         0		         0.0620	         0	
         s	         0.1587	         0		         0.0776	         0	
         a	         0.1027	         0		         0.0732	         0	
         a	         0.1122	         0		         0.0765	         0	
         y	         0.1172	         0		         0.0732	         0	
         d	         0.0984	         0		         0.0938	         0	
         r	         0.1232	         0		         0.0961	         0	
         y	         0.1068	         0		         0.0825	         0	
         l	         0.0697	         0		         0.0685	         0	
         k	         0.1101	         0		         0.0959	         0	
         l	         0.0706	         0		         0.0643	         0	
         w	         0.1003	         0		         0.0705	         0	
         d	         0.0970	         0		         0.0800	         0	
         t	         0.0855	         0		         0.0694	         0	
         e	         0.0955	         0		         0.0705	         0	
         t	         0.1315	         0		         0.0799	         0	
         g	         0.1442	         0		         0.0778	         0	
         q	         0.1887	         0		         0.0823	         0	
         c	         0.0988	         0		         0.0747	         0	
         i	         0.1173	         0		         0.0681	         0	
         s	         0.1670	         0		         0.0869	         0	
         r	         0.1959	         0		         0.0916	         0	
         f	         0.1031	         0		         0.0839	         0	
         t	         0.1551	         0		         0.0966	         0	
         n	         0.1277	         0		         0.1029	         0	
         r	         0.1895	         0		         0.1176	         0	
         k	         0.1524	         0		         0.1159	         0	
         v	         0.0979	         0		         0.0902	         0	
         p	         0.0821	         0		         0.0960	         0	
         y	         0.1093	         0		         0.1045	         0	
         c	         0.0797	         0		         0.0908	         0	
         v	         0.0695	         0		         0.0771	         0	
         k	         0.1030	         0		         0.0946	         0	
         f	         0.0783	         0		         0.0913	         0	
         n	         0.0895	         0		         0.1088	         0	
         p	         0.0827	         0		         0.1013	         0	
         d	         0.0982	         0		         0.0986	         0	
         e	         0.0927	         0		         0.0941	         0	
         d	         0.0939	         0		         0.0971	         0	
         k	         0.1117	         0		         0.0899	         0	
         q	         0.0873	         0		         0.0867	         0	
         n	         0.0982	         0		         0.0919	         0	
         l	         0.0844	         0		         0.0801	         0	
         f	         0.0764	         0		         0.0649	         0	
         v	         0.0806	         0		         0.0639	         0	
         a	         0.0959	         0		         0.0693	         0	
         g	         0.0872	         0		         0.0730	         0	
         m	         0.1037	         0		         0.0776	         0	
         s	         0.1095	         0		         0.0813	         0	
         d	         0.1237	         0		         0.0890	         0	
         k	         0.1965	         0		         0.0893	         0	
         k	         0.1584	         0		         0.0822	         0	
         i	         0.0794	         0		         0.0632	         0	
         v	         0.0893	         0		         0.0725	         0	
         q	         0.0794	         0		         0.0704	         0	
         w	         0.1155	         0		         0.0715	         0	
         d	         0.1212	         0		         0.0830	         0	
         i	         0.0865	         0		         0.0651	         0	
         r	         0.1328	         0		         0.0837	         0	
         s	         0.1126	         0		         0.0926	         0	
         g	         0.1230	         0		         0.0880	         0	
         e	         0.1101	         0		         0.0813	         0	
         i	         0.0845	         0		         0.0740	         0	
         v	         0.0808	         0		         0.0714	         0	
         q	         0.0971	         0		         0.0818	         0	
         e	         0.0895	         0		         0.0797	         0	
         y	         0.0871	         0		         0.0791	         0	
         d	         0.1022	         0		         0.0924	         0	
         r	         0.1222	         0		         0.0920	         0	
         h	         0.1204	         0		         0.0987	         0	
         l	         0.1009	         0		         0.0873	         0	
         g	         0.1046	         0		         0.0875	         0	
         a	         0.0945	         0		         0.0864	         0	
         v	         0.0785	         0		         0.0765	         0	
         n	         0.1081	         0		         0.0874	         0	
         t	         0.1185	         0		         0.0856	         0	
         i	         0.0775	         0		         0.0603	         0	
         v	         0.0896	         0		         0.0642	         0	
         f	         0.0929	         0		         0.0681	         0	
         v	         0.0998	         0		         0.0677	         0	
         d	         0.0996	         0		         0.0744	         0	
         e	         0.1005	         0		         0.0753	         0	
         n	         0.1162	         0		         0.0792	         0	
         r	         0.2183	         0		         0.0874	         0	
         r	         0.1985	         0		         0.0764	         0	
         f	         0.0969	         0		         0.0653	         0	
         v	         0.1096	         0		         0.0637	         0	
         s	         0.1542	         0		         0.0737	         0	
         t	         0.1215	         0		         0.0716	         0	
         s	         0.1425	         0		         0.0738	         0	
         d	         0.1090	         0		         0.0698	         0	
         d	         0.1212	         0		         0.0831	         0	
         k	         0.1918	         0		         0.0846	         0	
         s	         0.1137	         0		         0.0796	         0	
         l	         0.0742	         0		         0.0628	         0	
         r	         0.1192	         0		         0.0797	         0	
         v	         0.0762	         0		         0.0661	         0	
         w	         0.0941	         0		         0.0702	         0	
         e	         0.0814	         0		         0.0753	         0	
         w	         0.0739	         0		         0.0664	         0	
         d	         0.0847	         0		         0.0841	         0	
         i	         0.0833	         0		         0.0792	         0	
         p	         0.0872	         0		         0.0869	         0	
         v	         0.0904	         0		         0.0873	         0	
         d	         0.0793	         0		         0.0867	         0	
         f	         0.0774	         0		         0.0824	         0	
         k	         0.1069	         0		         0.0894	         0	
         y	         0.0919	         0		         0.0794	         0	
         i	         0.0755	         0		         0.0738	         0	
         a	         0.0845	         0		         0.0798	         0	
         e	         0.0934	         0		         0.0867	         0	
         p	         0.0884	         0		         0.0866	         0	
         s	         0.1045	         0		         0.0903	         0	
         m	         0.1121	         0		         0.0918	         0	
         h	         0.1398	         0		         0.1027	         0	
         s	         0.1313	         0		         0.0924	         0	
         m	         0.1002	         0		         0.0745	         0	
         p	         0.1091	         0		         0.0841	         0	
         a	         0.1125	         0		         0.0828	         0	
         v	         0.0862	         0		         0.0643	         0	
         t	         0.1134	         0		         0.0746	         0	
         l	         0.1032	         0		         0.0688	         0	
         s	         0.1808	         0		         0.0824	         0	
         p	         0.1443	         0		         0.0805	         0	
         n	         0.1494	         0		         0.0861	         0	
         g	         0.1289	         0		         0.0808	         0	
         k	         0.2140	         0		         0.0941	         0	
         w	         0.1269	         0		         0.0804	         0	
         l	         0.0878	         0		         0.0638	         0	
         a	         0.0847	         0		         0.0635	         0	
         c	         0.0961	         0		         0.0719	         0	
         q	         0.1145	         0		         0.0783	         0	
         s	         0.1323	         0		         0.0774	         0	
         m	         0.1108	         0		         0.0685	         0	
         d	         0.1097	         0		         0.0883	         0	
         n	         0.1173	         0		         0.0874	         0	
         q	         0.1065	         0		         0.0825	         0	
         i	         0.0738	         0		         0.0651	         0	
         l	         0.0987	         0		         0.0574	         0	
         i	         0.0835	         0		         0.0508	         0	
         f	         0.1315	         0		         0.0588	         0	
         g	         0.1526	         0		         0.0665	         0	
         a	         0.1180	         0		         0.0567	         0	
         q	         0.1818	         0		         0.0733	         0	
         n	         0.1881	         0		         0.0738	         0	
         r	         0.3380	         0		         0.0805	         0	
         f	         0.1676	         0		         0.0689	         0	
         r	         0.2327	         0		         0.0818	         0	
         l	         0.1325	         0		         0.0704	         0	
         n	         0.1582	         0		         0.0839	         0	
         k	         0.1598	         0		         0.0771	         0	
         k	         0.1600	         0		         0.0755	         0	
         k	         0.1792	         0		         0.0806	         0	
         i	         0.1420	         0		         0.0837	         0	
         f	         0.1084	         0		         0.0834	         0	
         k	         0.1805	         0		         0.0974	         0	
         g	         0.1314	         0		         0.0926	         0	
         h	         0.2035	         0		         0.0953	         0	
         m	         0.1442	         0		         0.0791	         0	
         v	         0.1294	         0		         0.0792	         0	
         a	         0.1379	         0		         0.0845	         0	
         g	         0.1206	         0		         0.0852	         0	
         y	         0.1404	         0		         0.0744	         0	
         a	         0.0807	         0		         0.0647	         0	
         c	         0.0878	         0		         0.0729	         0	
         q	         0.1075	         0		         0.0895	         0	
         v	         0.0772	         0		         0.0740	         0	
         d	         0.0889	         0		         0.0853	         0	
         f	         0.0917	         0		         0.0816	         0	
         s	         0.1271	         0		         0.0859	         0	
         p	         0.0952	         0		         0.0773	         0	
         d	         0.0991	         0		         0.0823	         0	
         m	         0.1037	         0		         0.0774	         0	
         s	         0.1257	         0		         0.0838	         0	
         y	         0.1629	         0		         0.0731	         0	
         v	         0.0826	         0		         0.0569	         0	
         i	         0.0981	         0		         0.0571	         0	
         s	         0.2079	         0		         0.0718	         0	
         g	         0.1613	         0		         0.0689	         0	
         d	         0.2043	         0		         0.0759	         0	
         g	         0.1546	         0		         0.0693	         0	
         n	         0.2393	         0		         0.0829	         0	
         g	         0.2619	         0		         0.0793	         0	
         k	         0.2829	         0		         0.0815	         0	
         l	         0.1014	         0		         0.0596	         0	
         n	         0.1636	         0		         0.0822	         0	
         i	         0.0836	         0		         0.0579	         0	
         w	         0.1481	         0		         0.0702	         0	
         d	         0.1378	         0		         0.0749	         0	
         w	         0.1175	         0		         0.0625	         0	
         k	         0.1983	         0		         0.0759	         0	
         t	         0.1814	         0		         0.0777	         0	
         t	         0.1513	         0		         0.0727	         0	
         k	         0.2852	         0		         0.0796	         0	
         l	         0.1018	         0		         0.0630	         0	
         y	         0.1230	         0		         0.0662	         0	
         s	         0.1232	         0		         0.0862	         0	
         r	         0.1394	         0		         0.0889	         0	
         f	         0.0748	         0		         0.0644	         0	
         k	         0.1719	         0		         0.0920	         0	
         a	         0.0940	         0		         0.0793	         0	
         h	         0.1277	         0		         0.1283	         0	
         d	         0.0851	         0		         0.1065	         0	
         k	         0.1211	         0		         0.1064	         0	
         v	         0.0855	         0		         0.0831	         0	
         c	         0.0674	         0		         0.0744	         0	
         i	         0.0791	         0		         0.0787	         0	
         g	         0.0885	         0		         0.1071	         0	
         a	         0.0783	         0		         0.0812	         0	
         v	         0.0854	         0		         0.0861	         0	
         w	         0.1031	         0		         0.0878	         0	
         h	         0.1578	         0		         0.0893	         0	
         p	         0.1026	         0		         0.0878	         0	
         h	         0.1281	         0		         0.0852	         0	
         e	         0.1005	         0		         0.0810	         0	
         t	         0.1222	         0		         0.0849	         0	
         s	         0.1192	         0		         0.0772	         0	
         k	         0.1255	         0		         0.0765	         0	
         v	         0.0800	         0		         0.0663	         0	
         i	         0.0990	         0		         0.0660	         0	
         t	         0.1831	         0		         0.0861	         0	
         c	         0.1074	         0		         0.0792	         0	
         g	         0.1333	         0		         0.0829	         0	
         w	         0.1067	         0		         0.0719	         0	
         d	         0.1100	         0		         0.0882	         0	
         g	         0.1096	         0		         0.0876	         0	
         l	         0.1071	         0		         0.0778	         0	
         i	         0.0743	         0		         0.0650	         0	
         k	         0.1230	         0		         0.0951	         0	
         l	         0.0738	         0		         0.0740	         0	
         w	         0.0893	         0		         0.0954	         0	
         d	         0.0816	         0		         0.0982	         0	
