********************************************************************************
STREME - Sensitive, Thorough, Rapid, Enriched Motif Elicitation
********************************************************************************
MEME version 5.3.3 (Release date: Sun Feb 7 15:39:52 2021 -0800)

For further information on how to interpret these results please access https://meme-suite.org/meme.
To get a copy of the MEME Suite software please access https://meme-suite.org.

********************************************************************************


********************************************************************************
REFERENCE
********************************************************************************
If you use this program in your research, please cite:

Timothy L. Bailey,
"STREME: Accurate and versatile sequence motif discovery",
bioRxiv, (preprint), Nov. 23, 2020.
********************************************************************************


ALPHABET= ACGT

strands: + -

Background letter frequencies
A 0.247 C 0.253 G 0.253 T 0.247 

MOTIF 1-GTCTYRCTCT STREME-1
letter-probability matrix: alength= 4 w= 10 nsites= 5589 P= 3.5e-076
 0.045713 0.000013 0.954262 0.000012
 0.000012 0.000013 0.000013 0.999962
 0.000012 0.945298 0.000013 0.054677
 0.000012 0.000013 0.000013 0.999962
 0.009235 0.572391 0.000013 0.418361
 0.412523 0.000013 0.587452 0.000012
 0.050459 0.920021 0.000013 0.029507
 0.044034 0.000013 0.000241 0.955712
 0.061969 0.820634 0.058051 0.059346
 0.000012 0.000013 0.000013 0.999962

MOTIF 2-CCTGGGCRAC STREME-2
letter-probability matrix: alength= 4 w= 10 nsites= 5516 P= 4.6e-073
 0.000015 0.977757 0.011239 0.010989
 0.006753 0.975376 0.006447 0.011424
 0.000015 0.005731 0.002586 0.991667
 0.069050 0.006224 0.916930 0.007796
 0.031617 0.001042 0.962368 0.004973
 0.050056 0.037099 0.906564 0.006281
 0.000015 0.733295 0.000016 0.266674
 0.631494 0.000016 0.361059 0.007431
 0.999953 0.000016 0.000016 0.000015
 0.000015 0.976550 0.000016 0.023419

MOTIF 3-GCCACYGCRC STREME-3
letter-probability matrix: alength= 4 w= 10 nsites= 3514 P= 4.4e-057
 0.170759 0.000025 0.829193 0.000024
 0.000024 0.999928 0.000025 0.000024
 0.000024 0.999643 0.000025 0.000308
 0.999927 0.000025 0.000025 0.000024
 0.000024 0.951708 0.000025 0.048243
 0.000024 0.394527 0.000025 0.605424
 0.251101 0.000025 0.748850 0.000024
 0.000024 0.773639 0.000025 0.226313
 0.612886 0.000025 0.387066 0.000024
 0.000024 0.999928 0.000025 0.000024

MOTIF 4-YCYRTCTC STREME-4
letter-probability matrix: alength= 4 w= 8 nsites= 29604 P= 7.8e-028
 0.000029 0.605009 0.000029 0.394934
 0.000029 0.999914 0.000029 0.000029
 0.000029 0.615845 0.000029 0.384097
 0.507965 0.000029 0.491978 0.000029
 0.054447 0.312914 0.004192 0.628447
 0.000029 0.999914 0.000029 0.000029
 0.000029 0.211582 0.012342 0.776048
 0.000029 0.999914 0.000029 0.000029

MOTIF 5-CCTGTAATCC STREME-5
letter-probability matrix: alength= 4 w= 10 nsites= 1016 P= 8.2e-020
 0.000967 0.974932 0.001934 0.022167
 0.005201 0.985178 0.000758 0.008863
 0.000542 0.004237 0.001929 0.993292
 0.090787 0.011947 0.891738 0.005529
 0.000066 0.000068 0.000068 0.999798
 0.993615 0.000068 0.000068 0.006249
 0.800663 0.000068 0.199203 0.000066
 0.000066 0.000068 0.000068 0.999798
 0.016417 0.942803 0.000863 0.039917
 0.001670 0.947186 0.006125 0.045019

MOTIF 6-CCAGGCTGGA STREME-6
letter-probability matrix: alength= 4 w= 10 nsites= 1916 P= 9.3e-017
 0.000064 0.937793 0.000066 0.062078
 0.000064 0.957533 0.000066 0.042337
 0.981428 0.000066 0.018443 0.000064
 0.000064 0.017284 0.953379 0.029273
 0.067531 0.000066 0.932339 0.000064
 0.000064 0.999806 0.000066 0.000064
 0.000064 0.000066 0.000066 0.999804
 0.060551 0.000066 0.939319 0.000064
 0.000064 0.000066 0.999806 0.000064
 0.901510 0.000066 0.000066 0.098358

MOTIF 7-YGGGGAC STREME-7
letter-probability matrix: alength= 4 w= 7 nsites= 26588 P= 2.4e-013
 0.000082 0.480025 0.000084 0.519810
 0.000082 0.000084 0.999753 0.000082
 0.187366 0.000084 0.812468 0.000082
 0.000082 0.015524 0.898216 0.086178
 0.000082 0.000084 0.999753 0.000082
 0.835884 0.000084 0.000084 0.163948
 0.161806 0.574028 0.264084 0.000082

MOTIF 8-GAGTTCAAGA STREME-8
letter-probability matrix: alength= 4 w= 10 nsites= 315 P= 6.6e-011
 0.000193 0.000197 0.999418 0.000193
 0.999413 0.000197 0.000197 0.000193
 0.000193 0.000197 0.999418 0.000193
 0.000193 0.000197 0.000197 0.999413
 0.000193 0.000197 0.000197 0.999413
 0.000193 0.999418 0.000197 0.000193
 0.879393 0.000197 0.120217 0.000193
 0.995888 0.003722 0.000197 0.000193
 0.000193 0.000197 0.999418 0.000193
 0.999413 0.000197 0.000197 0.000193

MOTIF 9-ACAGGCGTGA STREME-9
letter-probability matrix: alength= 4 w= 10 nsites= 503 P= 1.0e-009
 0.984612 0.000192 0.009736 0.005460
 0.000270 0.933106 0.014901 0.051722
 0.958147 0.030395 0.008517 0.002941
 0.005113 0.007701 0.984468 0.002718
 0.021071 0.006163 0.956710 0.016057
 0.010148 0.836597 0.000138 0.153117
 0.260406 0.000138 0.736091 0.003365
 0.007272 0.011853 0.003231 0.977644
 0.018956 0.011131 0.968644 0.001268
 0.960951 0.014901 0.009250 0.014898

MOTIF 10-CTGGGCTCAA STREME-10
letter-probability matrix: alength= 4 w= 10 nsites= 975 P= 5.6e-009
 0.005368 0.970549 0.000099 0.023984
 0.000097 0.053302 0.003624 0.942976
 0.045792 0.012952 0.938831 0.002425
 0.000097 0.001446 0.998360 0.000097
 0.033815 0.000099 0.656024 0.310062
 0.005633 0.884382 0.000099 0.109886
 0.000097 0.000099 0.002820 0.996984
 0.000097 0.999707 0.000099 0.000097
 0.992561 0.000099 0.007244 0.000097
 0.999705 0.000099 0.000099 0.000097

MOTIF 11-GCTCACTGCA STREME-11
letter-probability matrix: alength= 4 w= 10 nsites= 384 P= 1.9e-008
 0.022455 0.023000 0.932091 0.022455
 0.022455 0.932091 0.023000 0.022455
 0.022455 0.023000 0.023000 0.931545
 0.022455 0.932091 0.023000 0.022455
 0.931545 0.023000 0.023000 0.022455
 0.022455 0.932091 0.023000 0.022455
 0.022455 0.023000 0.023000 0.931545
 0.022455 0.023000 0.932091 0.022455
 0.022455 0.932091 0.023000 0.022455
 0.931545 0.023000 0.023000 0.022455

MOTIF 12-CCCAGCCCC STREME-12
letter-probability matrix: alength= 4 w= 9 nsites= 8643 P= 2.3e-008
 0.002185 0.990578 0.000127 0.007109
 0.012722 0.805266 0.114878 0.067134
 0.006648 0.948442 0.022446 0.022464
 0.788465 0.013108 0.121097 0.077330
 0.067041 0.000117 0.932727 0.000115
 0.071232 0.885693 0.031004 0.012071
 0.049271 0.889312 0.021241 0.040176
 0.002386 0.899483 0.041575 0.056556
 0.048874 0.808773 0.073424 0.068929

MOTIF 13-CTGGAGTGCA STREME-13
letter-probability matrix: alength= 4 w= 10 nsites= 426 P= 2.5e-007
 0.000177 0.999465 0.000181 0.000177
 0.000177 0.000181 0.000181 0.999460
 0.000177 0.020067 0.979579 0.000177
 0.000177 0.000181 0.999465 0.000177
 0.999460 0.000181 0.000181 0.000177
 0.000177 0.000181 0.999465 0.000177
 0.000177 0.000181 0.000181 0.999460
 0.000177 0.000181 0.999465 0.000177
 0.000177 0.999465 0.000181 0.000177
 0.999460 0.000181 0.000181 0.000177

MOTIF 14-TCAAGYRATC STREME-14
letter-probability matrix: alength= 4 w= 10 nsites= 818 P= 2.9e-007
 0.000122 0.000125 0.005399 0.994355
 0.000122 0.978001 0.000125 0.021752
 0.976781 0.000125 0.022874 0.000219
 0.984679 0.015074 0.000125 0.000122
 0.000122 0.000125 0.999631 0.000122
 0.023798 0.496533 0.000125 0.479544
 0.303396 0.045170 0.605524 0.045909
 0.999628 0.000125 0.000125 0.000122
 0.000122 0.005126 0.000125 0.994627
 0.000200 0.844543 0.006968 0.148289

MOTIF 15-ACTTACCTT STREME-15
letter-probability matrix: alength= 4 w= 9 nsites= 5351 P= 5.3e-007
 0.775298 0.083251 0.007436 0.134015
 0.007405 0.919410 0.009320 0.063865
 0.029540 0.003779 0.010536 0.956145
 0.000068 0.111735 0.023614 0.864583
 0.975300 0.000069 0.024563 0.000068
 0.000068 0.994480 0.002852 0.002600
 0.043727 0.844336 0.050014 0.061923
 0.199768 0.011696 0.107731 0.680805
 0.133195 0.108159 0.248668 0.509977

MOTIF 16-CTCGGCCTC STREME-16
letter-probability matrix: alength= 4 w= 9 nsites= 6058 P= 5.5e-007
 0.000096 0.999710 0.000098 0.000096
 0.000096 0.176111 0.206293 0.617501
 0.000096 0.722803 0.000098 0.277003
 0.293281 0.000098 0.706526 0.000096
 0.260526 0.000098 0.739280 0.000096
 0.000096 0.806503 0.027630 0.165772
 0.000096 0.745551 0.145641 0.108712
 0.045943 0.000098 0.050871 0.903088
 0.000096 0.970283 0.000098 0.029523

MOTIF 17-AGCTACTCAG STREME-17
letter-probability matrix: alength= 4 w= 10 nsites= 155 P= 4.1e-006
 0.998335 0.000559 0.000559 0.000546
 0.000546 0.000559 0.998348 0.000546
 0.000546 0.998348 0.000559 0.000546
 0.000546 0.000559 0.000559 0.998335
 0.998335 0.000559 0.000559 0.000546
 0.000546 0.998348 0.000559 0.000546
 0.000546 0.000559 0.000559 0.998335
 0.000546 0.998348 0.000559 0.000546
 0.816253 0.000559 0.182642 0.000546
 0.000546 0.000559 0.998348 0.000546

MOTIF 18-AAATAC STREME-18
letter-probability matrix: alength= 4 w= 6 nsites= 29729 P= 1.0e-005
 0.976370 0.000305 0.000281 0.023044
 0.855330 0.088973 0.031428 0.024269
 0.962227 0.004357 0.006544 0.026873
 0.000157 0.000161 0.000161 0.999520
 0.786442 0.000161 0.213239 0.000157
 0.236413 0.636091 0.009249 0.118247

MOTIF 19-GAGGAARA STREME-19
letter-probability matrix: alength= 4 w= 8 nsites= 14932 P= 1.1e-005
 0.058117 0.000174 0.935635 0.006074
 0.999402 0.000255 0.000174 0.000170
 0.106814 0.000396 0.889384 0.003406
 0.000170 0.000189 0.999181 0.000460
 0.950775 0.028095 0.000174 0.020956
 0.972194 0.018387 0.000174 0.009245
 0.544398 0.001014 0.454075 0.000513
 0.770116 0.139802 0.037830 0.052252

MOTIF 20-GAAGATGA STREME-20
letter-probability matrix: alength= 4 w= 8 nsites= 15261 P= 6.0e-005
 0.022006 0.063501 0.907487 0.007006
 0.749955 0.006113 0.056740 0.187193
 0.601581 0.138484 0.015138 0.244797
 0.084253 0.007182 0.858120 0.050445
 0.791512 0.059697 0.036074 0.112717
 0.000356 0.183658 0.000096 0.815890
 0.185400 0.022254 0.778616 0.013731
 0.770917 0.090185 0.041710 0.097189

MOTIF 21-CCCCTCCCC STREME-21
letter-probability matrix: alength= 4 w= 9 nsites= 588 P= 6.2e-005
 0.022455 0.932091 0.023000 0.022455
 0.022455 0.932091 0.023000 0.022455
 0.022455 0.932091 0.023000 0.022455
 0.022455 0.932091 0.023000 0.022455
 0.022455 0.023000 0.023000 0.931545
 0.022455 0.932091 0.023000 0.022455
 0.022455 0.932091 0.023000 0.022455
 0.022455 0.932091 0.023000 0.022455
 0.022455 0.932091 0.023000 0.022455

MOTIF 22-GCCTCCCAA STREME-22
letter-probability matrix: alength= 4 w= 9 nsites= 557 P= 1.5e-004
 0.022455 0.023000 0.932091 0.022455
 0.022455 0.932091 0.023000 0.022455
 0.022455 0.932091 0.023000 0.022455
 0.022455 0.023000 0.023000 0.931545
 0.022455 0.932091 0.023000 0.022455
 0.022455 0.932091 0.023000 0.022455
 0.022455 0.932091 0.023000 0.022455
 0.931545 0.023000 0.023000 0.022455
 0.931545 0.023000 0.023000 0.022455

MOTIF 23-CACAVMCAC STREME-23
letter-probability matrix: alength= 4 w= 9 nsites= 6421 P= 3.0e-004
 0.143053 0.856572 0.000190 0.000186
 0.819974 0.000190 0.179651 0.000186
 0.001104 0.936378 0.000190 0.062328
 0.557542 0.246880 0.195392 0.000186
 0.372403 0.347770 0.279642 0.000186
 0.651518 0.327041 0.021256 0.000186
 0.000186 0.999439 0.000190 0.000186
 0.999434 0.000190 0.000190 0.000186
 0.000186 0.999439 0.000190 0.000186

MOTIF 24-GTCTCAAA STREME-24
letter-probability matrix: alength= 4 w= 8 nsites= 1361 P= 5.2e-004
 0.000355 0.000364 0.742901 0.256379
 0.000355 0.000364 0.000364 0.998917
 0.000355 0.998925 0.000364 0.000355
 0.000355 0.000364 0.000364 0.998917
 0.000355 0.998925 0.000364 0.000355
 0.998917 0.000364 0.000364 0.000355
 0.998917 0.000364 0.000364 0.000355
 0.998917 0.000364 0.000364 0.000355

MOTIF 25-CCCTTCCC STREME-25
letter-probability matrix: alength= 4 w= 8 nsites= 1817 P= 6.5e-004
 0.001031 0.996882 0.001056 0.001031
 0.001031 0.849034 0.148904 0.001031
 0.001031 0.925663 0.072275 0.001031
 0.001031 0.001056 0.001056 0.996857
 0.001031 0.001056 0.001056 0.996857
 0.001031 0.996882 0.001056 0.001031
 0.001031 0.983528 0.014410 0.001031
 0.001031 0.996882 0.001056 0.001031

MOTIF 26-ATCTCGGCTC STREME-26
letter-probability matrix: alength= 4 w= 10 nsites= 318 P= 7.8e-004
 0.951906 0.004552 0.038180 0.005362
 0.000552 0.000990 0.023318 0.975140
 0.001548 0.957296 0.007030 0.034126
 0.010836 0.011046 0.034766 0.943351
 0.001755 0.681994 0.000247 0.316004
 0.075497 0.005368 0.918894 0.000241
 0.044139 0.003114 0.917649 0.035098
 0.007021 0.934603 0.040909 0.017467
 0.004659 0.003114 0.027989 0.964237
 0.003055 0.942295 0.013748 0.040903

MOTIF 27-CGTGAGCCAC STREME-27
letter-probability matrix: alength= 4 w= 10 nsites= 164 P= 8.1e-004
 0.000506 0.998469 0.000519 0.000506
 0.000506 0.000519 0.998469 0.000506
 0.000506 0.001844 0.000519 0.997131
 0.051451 0.000519 0.919094 0.028936
 0.998235 0.000741 0.000519 0.000506
 0.194460 0.000519 0.705011 0.100011
 0.000506 0.917744 0.000519 0.081231
 0.019980 0.926624 0.008207 0.045189
 0.984225 0.000519 0.014750 0.000506
 0.000506 0.998469 0.000519 0.000506

MOTIF 28-ACTGCACTCC STREME-28
letter-probability matrix: alength= 4 w= 10 nsites= 248 P= 1.2e-003
 0.998888 0.000374 0.000374 0.000365
 0.000365 0.967710 0.000374 0.031551
 0.000365 0.062991 0.051362 0.885282
 0.052825 0.000374 0.946436 0.000365
 0.029912 0.871460 0.000374 0.098254
 0.991031 0.000374 0.008230 0.000365
 0.030788 0.623733 0.037677 0.307801
 0.000365 0.000374 0.002249 0.997012
 0.021695 0.924158 0.000374 0.053774
 0.000365 0.994151 0.005120 0.000365

MOTIF 29-ATGGTGAAAC STREME-29
letter-probability matrix: alength= 4 w= 10 nsites= 225 P= 1.4e-003
 0.998912 0.000366 0.000366 0.000357
 0.000357 0.106316 0.000366 0.892961
 0.000357 0.000825 0.998461 0.000357
 0.000357 0.000366 0.998920 0.000357
 0.000357 0.172059 0.000366 0.827218
 0.000357 0.000366 0.998920 0.000357
 0.998912 0.000366 0.000366 0.000357
 0.998912 0.000366 0.000366 0.000357
 0.998912 0.000366 0.000366 0.000357
 0.000357 0.998920 0.000366 0.000357

MOTIF 30-AAGGCAG STREME-30
letter-probability matrix: alength= 4 w= 7 nsites= 3543 P= 1.5e-003
 0.931545 0.023000 0.023000 0.022455
 0.931545 0.023000 0.023000 0.022455
 0.022455 0.023000 0.932091 0.022455
 0.022455 0.023000 0.932091 0.022455
 0.022455 0.932091 0.023000 0.022455
 0.931545 0.023000 0.023000 0.022455
 0.022455 0.023000 0.932091 0.022455

MOTIF 31-CCAGCCTGGG STREME-31
letter-probability matrix: alength= 4 w= 10 nsites= 1001 P= 1.6e-003
 0.010235 0.948724 0.026389 0.014653
 0.001264 0.968141 0.003468 0.027127
 0.982438 0.016912 0.000329 0.000321
 0.048256 0.014540 0.917835 0.019369
 0.037369 0.866164 0.007051 0.089416
 0.013190 0.908478 0.025453 0.052879
 0.000321 0.062061 0.012130 0.925488
 0.050879 0.015276 0.933524 0.000321
 0.033228 0.025178 0.867006 0.074588
 0.056487 0.047964 0.894234 0.001316

MOTIF 32-AGGGCAAGR STREME-32
letter-probability matrix: alength= 4 w= 9 nsites= 1923 P= 1.9e-003
 0.972812 0.002939 0.024028 0.000221
 0.000221 0.001096 0.975153 0.023530
 0.258567 0.026064 0.715147 0.000221
 0.000221 0.025516 0.974042 0.000221
 0.000221 0.928773 0.057832 0.013174
 0.878285 0.000227 0.121267 0.000221
 0.788508 0.015340 0.195931 0.000221
 0.023083 0.016672 0.939960 0.020284
 0.344073 0.000227 0.627580 0.028121

MOTIF 33-CAGCAGCAGC STREME-33
letter-probability matrix: alength= 4 w= 10 nsites= 3153 P= 1.9e-003
 0.047631 0.798998 0.042398 0.110973
 0.753666 0.058287 0.150996 0.037050
 0.041199 0.012253 0.880660 0.065888
 0.015070 0.935541 0.011573 0.037815
 0.770940 0.064101 0.126342 0.038616
 0.066393 0.027711 0.858570 0.047326
 0.021099 0.927339 0.013269 0.038292
 0.847910 0.060858 0.065199 0.026033
 0.098540 0.015121 0.807195 0.079144
 0.005911 0.932825 0.014713 0.046552

MOTIF 34-AGTAGCTG STREME-34
letter-probability matrix: alength= 4 w= 8 nsites= 4928 P= 2.1e-003
 0.840169 0.159060 0.000390 0.000381
 0.000381 0.000390 0.860300 0.138929
 0.158486 0.000390 0.000390 0.840733
 0.998839 0.000390 0.000390 0.000381
 0.000381 0.159037 0.683554 0.157029
 0.000381 0.918110 0.081128 0.000381
 0.000381 0.062680 0.000390 0.936549
 0.231986 0.000390 0.767243 0.000381

MOTIF 35-AATCCCAGC STREME-35
letter-probability matrix: alength= 4 w= 9 nsites= 1524 P= 3.6e-003
 0.915717 0.024402 0.049154 0.010727
 0.829064 0.000249 0.170445 0.000243
 0.023281 0.046473 0.000249 0.929998
 0.012675 0.970964 0.002173 0.014189
 0.029015 0.913392 0.014753 0.042840
 0.023567 0.897877 0.013114 0.065442
 0.979351 0.004711 0.010004 0.005934
 0.093716 0.046360 0.834499 0.025425
 0.000243 0.981994 0.000249 0.017515

MOTIF 36-AAATGAC STREME-36
letter-probability matrix: alength= 4 w= 7 nsites= 1139 P= 6.0e-003
 0.931545 0.023000 0.023000 0.022455
 0.931545 0.023000 0.023000 0.022455
 0.931545 0.023000 0.023000 0.022455
 0.022455 0.023000 0.023000 0.931545
 0.022455 0.023000 0.932091 0.022455
 0.931545 0.023000 0.023000 0.022455
 0.022455 0.932091 0.023000 0.022455

MOTIF 37-CCAAGGCC STREME-37
letter-probability matrix: alength= 4 w= 8 nsites= 13829 P= 1.1e-002
 0.008081 0.929732 0.038988 0.023199
 0.032883 0.946514 0.016131 0.004471
 0.849446 0.077003 0.055037 0.018514
 0.852332 0.036917 0.091114 0.019637
 0.026133 0.018366 0.951425 0.004076
 0.026516 0.055820 0.817908 0.099757
 0.034995 0.833242 0.005669 0.126094
 0.006002 0.949902 0.025061 0.019035

MOTIF 38-TGAAGTCA STREME-38
letter-probability matrix: alength= 4 w= 8 nsites= 3718 P= 1.1e-002
 0.095567 0.012260 0.098178 0.793995
 0.116238 0.000391 0.882990 0.000381
 0.967367 0.000391 0.000391 0.031852
 0.765862 0.003575 0.164731 0.065833
 0.000381 0.070558 0.928679 0.000381
 0.143506 0.000391 0.000391 0.855713
 0.000381 0.998847 0.000391 0.000381
 0.993232 0.000391 0.005996 0.000381

MOTIF 39-CATTTTA STREME-39
letter-probability matrix: alength= 4 w= 7 nsites= 1852 P= 1.3e-002
 0.022455 0.932091 0.023000 0.022455
 0.931545 0.023000 0.023000 0.022455
 0.022455 0.023000 0.023000 0.931545
 0.022455 0.023000 0.023000 0.931545
 0.022455 0.023000 0.023000 0.931545
 0.022455 0.023000 0.023000 0.931545
 0.931545 0.023000 0.023000 0.022455

MOTIF 40-AGGTAAK STREME-40
letter-probability matrix: alength= 4 w= 7 nsites= 2862 P= 1.3e-002
 0.977981 0.021028 0.000501 0.000490
 0.000490 0.002261 0.996759 0.000490
 0.000490 0.000501 0.998519 0.000490
 0.000490 0.000501 0.000501 0.998507
 0.998507 0.000501 0.000501 0.000490
 0.967573 0.031436 0.000501 0.000490
 0.000490 0.138404 0.491822 0.369284

MOTIF 41-AAAAACAAAA STREME-41
letter-probability matrix: alength= 4 w= 10 nsites= 1215 P= 1.4e-002
 0.763556 0.110529 0.084483 0.041431
 0.865670 0.061419 0.072552 0.000359
 0.953335 0.045938 0.000368 0.000359
 0.998906 0.000368 0.000368 0.000359
 0.926190 0.073084 0.000368 0.000359
 0.212189 0.787085 0.000368 0.000359
 0.992742 0.000368 0.006532 0.000359
 0.998906 0.000368 0.000368 0.000359
 0.998906 0.000368 0.000368 0.000359
 0.998906 0.000368 0.000368 0.000359

MOTIF 42-CTGGGCAAC STREME-42
letter-probability matrix: alength= 4 w= 9 nsites= 144 P= 1.8e-002
 0.022455 0.932091 0.023000 0.022455
 0.022455 0.023000 0.023000 0.931545
 0.022455 0.023000 0.932091 0.022455
 0.022455 0.023000 0.932091 0.022455
 0.022455 0.023000 0.932091 0.022455
 0.022455 0.932091 0.023000 0.022455
 0.931545 0.023000 0.023000 0.022455
 0.931545 0.023000 0.023000 0.022455
 0.022455 0.932091 0.023000 0.022455

MOTIF 43-TTTTAAAA STREME-43
letter-probability matrix: alength= 4 w= 8 nsites= 559 P= 2.0e-002
 0.022455 0.023000 0.023000 0.931545
 0.022455 0.023000 0.023000 0.931545
 0.022455 0.023000 0.023000 0.931545
 0.022455 0.023000 0.023000 0.931545
 0.931545 0.023000 0.023000 0.022455
 0.931545 0.023000 0.023000 0.022455
 0.931545 0.023000 0.023000 0.022455
 0.931545 0.023000 0.023000 0.022455

MOTIF 44-GCCWGGC STREME-44
letter-probability matrix: alength= 4 w= 7 nsites= 3790 P= 2.2e-002
 0.022455 0.023000 0.932091 0.022455
 0.022455 0.932091 0.023000 0.022455
 0.022455 0.932091 0.023000 0.022455
 0.477000 0.023000 0.023000 0.477000
 0.022455 0.023000 0.932091 0.022455
 0.022455 0.023000 0.932091 0.022455
 0.022455 0.932091 0.023000 0.022455

MOTIF 45-GCAGCCCC STREME-45
letter-probability matrix: alength= 4 w= 8 nsites= 1850 P= 2.8e-002
 0.001314 0.001346 0.996027 0.001314
 0.001314 0.996027 0.001346 0.001314
 0.995995 0.001346 0.001346 0.001314
 0.001314 0.001346 0.996027 0.001314
 0.001314 0.996027 0.001346 0.001314
 0.001314 0.733063 0.264310 0.001314
 0.001314 0.802592 0.194780 0.001314
 0.001314 0.996027 0.001346 0.001314

MOTIF 46-AGAGGGAGAC STREME-46
letter-probability matrix: alength= 4 w= 10 nsites= 198 P= 3.2e-002
 0.996541 0.002224 0.000625 0.000610
 0.000610 0.000625 0.744426 0.254338
 0.948302 0.050462 0.000625 0.000610
 0.000610 0.002957 0.995822 0.000610
 0.000610 0.000625 0.998154 0.000610
 0.000610 0.000625 0.998154 0.000610
 0.985415 0.013349 0.000625 0.000610
 0.000610 0.000625 0.998154 0.000610
 0.998139 0.000625 0.000625 0.000610
 0.000610 0.998154 0.000625 0.000610

MOTIF 47-ACTTACT STREME-47
letter-probability matrix: alength= 4 w= 7 nsites= 838 P= 3.3e-002
 0.931545 0.023000 0.023000 0.022455
 0.022455 0.932091 0.023000 0.022455
 0.022455 0.023000 0.023000 0.931545
 0.022455 0.023000 0.023000 0.931545
 0.931545 0.023000 0.023000 0.022455
 0.022455 0.932091 0.023000 0.022455
 0.022455 0.023000 0.023000 0.931545

MOTIF 48-AAACTGAGGC STREME-48
letter-probability matrix: alength= 4 w= 10 nsites= 113 P= 3.3e-002
 0.931545 0.023000 0.023000 0.022455
 0.931545 0.023000 0.023000 0.022455
 0.931545 0.023000 0.023000 0.022455
 0.022455 0.932091 0.023000 0.022455
 0.022455 0.023000 0.023000 0.931545
 0.022455 0.023000 0.932091 0.022455
 0.931545 0.023000 0.023000 0.022455
 0.022455 0.023000 0.932091 0.022455
 0.022455 0.023000 0.932091 0.022455
 0.022455 0.932091 0.023000 0.022455

MOTIF 49-GATGAC STREME-49
letter-probability matrix: alength= 4 w= 6 nsites= 2731 P= 3.7e-002
 0.022455 0.023000 0.932091 0.022455
 0.931545 0.023000 0.023000 0.022455
 0.022455 0.023000 0.023000 0.931545
 0.022455 0.023000 0.932091 0.022455
 0.931545 0.023000 0.023000 0.022455
 0.022455 0.932091 0.023000 0.022455

MOTIF 50-AAAGCAA STREME-50
letter-probability matrix: alength= 4 w= 7 nsites= 5091 P= 3.9e-002
 0.994369 0.000580 0.000580 0.004471
 0.678942 0.000580 0.000580 0.319898
 0.991129 0.000868 0.000580 0.007423
 0.000566 0.000580 0.740821 0.258033
 0.000566 0.998288 0.000580 0.000566
 0.935861 0.000580 0.001398 0.062161
 0.998274 0.000580 0.000580 0.000566

MOTIF 51-CTGGTCTTGA STREME-51
letter-probability matrix: alength= 4 w= 10 nsites= 113 P= 7.5e-002
 0.022455 0.932091 0.023000 0.022455
 0.022455 0.023000 0.023000 0.931545
 0.022455 0.023000 0.932091 0.022455
 0.022455 0.023000 0.932091 0.022455
 0.022455 0.023000 0.023000 0.931545
 0.022455 0.932091 0.023000 0.022455
 0.022455 0.023000 0.023000 0.931545
 0.022455 0.023000 0.023000 0.931545
 0.022455 0.023000 0.932091 0.022455
 0.931545 0.023000 0.023000 0.022455

MOTIF 52-CCCCAACCC STREME-52
letter-probability matrix: alength= 4 w= 9 nsites= 956 P= 8.1e-002
 0.000370 0.998880 0.000379 0.000370
 0.000370 0.998880 0.000379 0.000370
 0.000370 0.876948 0.122311 0.000370
 0.057643 0.750603 0.017044 0.174710
 0.923031 0.000379 0.000379 0.076210
 0.998871 0.000379 0.000379 0.000370
 0.135467 0.863783 0.000379 0.000370
 0.243126 0.756124 0.000379 0.000370
 0.000370 0.968872 0.030387 0.000370

MOTIF 53-GRTGAGAA STREME-53
letter-probability matrix: alength= 4 w= 8 nsites= 1356 P= 1.1e-001
 0.000526 0.000845 0.998103 0.000526
 0.330209 0.000539 0.594735 0.074518
 0.000526 0.027753 0.000539 0.971182
 0.157570 0.000539 0.808589 0.033302
 0.998174 0.000761 0.000539 0.000526
 0.000526 0.017936 0.953676 0.027861
 0.906235 0.000539 0.000539 0.092687
 0.998396 0.000539 0.000539 0.000526

********************************************************************************
Stopped because 3 consecutive motifs exceeded the p-value threshold (0.05).
********************************************************************************
COMMAND:	streme --p ../PRPF17.fna --dna --minw 6 --maxw 10 --oc .
********************************************************************************
CPU:		Tools
********************************************************************************
FINALTIME:	10465.92 seconds
********************************************************************************
