********************************************************************************
STREME - Sensitive, Thorough, Rapid, Enriched Motif Elicitation
********************************************************************************
MEME version 5.3.3 (Release date: Sun Feb 7 15:39:52 2021 -0800)

For further information on how to interpret these results please access https://meme-suite.org/meme.
To get a copy of the MEME Suite software please access https://meme-suite.org.

********************************************************************************


********************************************************************************
REFERENCE
********************************************************************************
If you use this program in your research, please cite:

Timothy L. Bailey,
"STREME: Accurate and versatile sequence motif discovery",
bioRxiv, (preprint), Nov. 23, 2020.
********************************************************************************


ALPHABET= ACGT

strands: + -

Background letter frequencies
A 0.247 C 0.253 G 0.253 T 0.247 

MOTIF 1-AGCCTGGGYRACAGA STREME-1
letter-probability matrix: alength= 4 w= 15 nsites= 5638 P= 5.3e-136
 0.955818 0.005679 0.025109 0.013394
 0.049429 0.022418 0.917316 0.010837
 0.011952 0.910526 0.019807 0.057716
 0.022221 0.939237 0.009546 0.028996
 0.011676 0.034409 0.004836 0.949079
 0.093796 0.012883 0.884261 0.009060
 0.068234 0.007451 0.915675 0.008641
 0.075750 0.030390 0.883793 0.010066
 0.046043 0.582724 0.019454 0.351780
 0.498077 0.013824 0.477429 0.010670
 0.973020 0.002220 0.021936 0.002824
 0.015464 0.913922 0.023963 0.046652
 0.959727 0.005204 0.027618 0.007451
 0.113294 0.087416 0.681251 0.118038
 0.808563 0.017945 0.140993 0.032499

MOTIF 2-GAGACRGRGTCTYRC STREME-2
letter-probability matrix: alength= 4 w= 15 nsites= 4696 P= 4.1e-113
 0.058023 0.008727 0.909988 0.023262
 0.949579 0.007095 0.030598 0.012727
 0.040244 0.008342 0.941180 0.010234
 0.912502 0.002606 0.066824 0.018068
 0.006493 0.677629 0.011439 0.304440
 0.575207 0.010234 0.392058 0.022501
 0.092736 0.010234 0.886378 0.010652
 0.511442 0.011584 0.460153 0.016821
 0.069660 0.009090 0.910018 0.011231
 0.002503 0.035445 0.003500 0.958552
 0.003750 0.840987 0.010234 0.145029
 0.004601 0.013476 0.004498 0.977425
 0.010088 0.574205 0.029328 0.386380
 0.405311 0.034878 0.523376 0.036435
 0.006662 0.924375 0.020509 0.048454

MOTIF 3-GRGYGCRGTGGC STREME-3
letter-probability matrix: alength= 4 w= 12 nsites= 3339 P= 2.9e-063
 0.205236 0.000016 0.794733 0.000015
 0.399330 0.000016 0.600639 0.000015
 0.029537 0.000016 0.970432 0.000015
 0.000015 0.406520 0.000016 0.593449
 0.257441 0.000016 0.742528 0.000015
 0.000015 0.702782 0.000016 0.297186
 0.535223 0.016377 0.448384 0.000015
 0.065580 0.000016 0.934389 0.000015
 0.000015 0.004050 0.000016 0.995919
 0.020474 0.000016 0.979495 0.000015
 0.018732 0.000016 0.981237 0.000015
 0.000015 0.790840 0.000016 0.209129

MOTIF 4-CCCCACCCC STREME-4
letter-probability matrix: alength= 4 w= 9 nsites= 16138 P= 2.0e-026
 0.000032 0.978344 0.000033 0.021591
 0.000032 0.977667 0.019224 0.003076
 0.000032 0.993078 0.000033 0.006856
 0.070703 0.772476 0.069327 0.087494
 0.643776 0.000033 0.200185 0.156006
 0.157783 0.585765 0.133273 0.123180
 0.010832 0.950004 0.015941 0.023224
 0.000032 0.917384 0.000033 0.082550
 0.021234 0.943918 0.007751 0.027098

MOTIF 5-CAGGAGTTYRAGACC STREME-5
letter-probability matrix: alength= 4 w= 15 nsites= 1039 P= 1.2e-025
 0.014651 0.878983 0.009534 0.096832
 0.914839 0.010290 0.059255 0.015617
 0.071258 0.006874 0.912718 0.009150
 0.041980 0.006142 0.939311 0.012566
 0.961160 0.008013 0.014845 0.015983
 0.067225 0.002319 0.928138 0.002318
 0.052421 0.027371 0.013041 0.907167
 0.000041 0.017595 0.009151 0.973213
 0.028729 0.586361 0.050425 0.334486
 0.381758 0.035342 0.571473 0.011428
 0.983462 0.006874 0.006208 0.003457
 0.037619 0.013040 0.939051 0.010289
 0.898531 0.010290 0.071780 0.019399
 0.023288 0.889615 0.009624 0.077473
 0.025312 0.863204 0.009151 0.102332

MOTIF 6-CTGGGAYTACAGGYR STREME-6
letter-probability matrix: alength= 4 w= 15 nsites= 1028 P= 5.4e-024
 0.004920 0.909880 0.012201 0.072999
 0.005567 0.011095 0.002251 0.981087
 0.125830 0.002251 0.870774 0.001145
 0.090959 0.017727 0.875798 0.015516
 0.060192 0.005568 0.920935 0.013305
 0.979064 0.003357 0.014870 0.002709
 0.005567 0.339330 0.005568 0.649536
 0.011094 0.090040 0.014411 0.884455
 0.965152 0.008884 0.024819 0.001145
 0.003356 0.857924 0.012200 0.126520
 0.977771 0.003357 0.014411 0.004461
 0.045363 0.002251 0.944609 0.007777
 0.069036 0.009989 0.914949 0.006026
 0.034121 0.629658 0.015517 0.320704
 0.469243 0.021044 0.479368 0.030345

MOTIF 7-RGGAGGATYRCTTGA STREME-7
letter-probability matrix: alength= 4 w= 15 nsites= 1241 P= 2.8e-023
 0.340563 0.007628 0.634692 0.017118
 0.040291 0.000035 0.959641 0.000034
 0.058718 0.007811 0.927743 0.005728
 0.761043 0.097633 0.013716 0.127608
 0.141380 0.005729 0.845264 0.007627
 0.182748 0.006678 0.804846 0.005728
 0.966284 0.000035 0.022258 0.011423
 0.011423 0.054528 0.003831 0.930218
 0.033253 0.592799 0.049083 0.324865
 0.432537 0.038949 0.492576 0.035939
 0.010474 0.900401 0.011424 0.077701
 0.018067 0.141776 0.012373 0.827784
 0.002881 0.017513 0.023852 0.955754
 0.045037 0.021864 0.927371 0.005728
 0.971584 0.000984 0.025500 0.001932

MOTIF 8-RCCTCRGCCTCCC STREME-8
letter-probability matrix: alength= 4 w= 13 nsites= 1712 P= 4.1e-020
 0.442134 0.019238 0.538597 0.000031
 0.010005 0.961179 0.000031 0.028784
 0.000031 0.953450 0.006403 0.040116
 0.000031 0.024139 0.077505 0.898325
 0.000031 0.858038 0.000031 0.141900
 0.488225 0.138116 0.292336 0.081323
 0.149772 0.000031 0.843605 0.006591
 0.009445 0.925448 0.018157 0.046951
 0.000031 0.937438 0.004684 0.057847
 0.005186 0.000031 0.003906 0.990877
 0.004327 0.976852 0.000031 0.018790
 0.000031 0.942345 0.018562 0.039063
 0.011183 0.728866 0.030702 0.229249

MOTIF 9-GYRAGACYCYGT STREME-9
letter-probability matrix: alength= 4 w= 12 nsites= 850 P= 3.7e-012
 0.047027 0.000069 0.934967 0.017937
 0.000068 0.623517 0.028213 0.348203
 0.535984 0.000069 0.463879 0.000068
 0.983645 0.001967 0.001967 0.012421
 0.137033 0.000069 0.857136 0.005762
 0.999794 0.000069 0.000069 0.000068
 0.000068 0.970859 0.000069 0.029004
 0.062795 0.468839 0.037705 0.430661
 0.024917 0.879331 0.029736 0.066015
 0.025945 0.388886 0.016279 0.568890
 0.300144 0.000069 0.699719 0.000068
 0.049674 0.082769 0.000069 0.867488

MOTIF 10-GYRACAGAGYRAGAC STREME-10
letter-probability matrix: alength= 4 w= 15 nsites= 1061 P= 9.8e-012
 0.089206 0.008366 0.894672 0.007756
 0.080595 0.531556 0.042973 0.344876
 0.490701 0.016517 0.470885 0.021897
 0.968835 0.000038 0.031090 0.000037
 0.026061 0.904950 0.017125 0.051864
 0.978636 0.001079 0.012529 0.007756
 0.097278 0.135265 0.630136 0.137320
 0.894830 0.006284 0.081153 0.017733
 0.050003 0.013570 0.928670 0.007756
 0.055180 0.438661 0.078366 0.427794
 0.366226 0.026494 0.585383 0.021897
 0.978636 0.003161 0.016084 0.002119
 0.096335 0.023803 0.876702 0.003160
 0.940351 0.001079 0.052287 0.006283
 0.038041 0.863602 0.015044 0.083313

MOTIF 11-GCAGTGAGCCRWGAT STREME-11
letter-probability matrix: alength= 4 w= 15 nsites= 556 P= 9.9e-012
 0.073856 0.014849 0.886635 0.024660
 0.011334 0.898934 0.010606 0.079126
 0.929829 0.009578 0.042961 0.017632
 0.050717 0.014120 0.917531 0.017632
 0.007090 0.022905 0.018827 0.951178
 0.031689 0.010606 0.945344 0.012361
 0.959399 0.008849 0.029932 0.001820
 0.056285 0.017634 0.922504 0.003576
 0.014118 0.922504 0.015877 0.047501
 0.035202 0.649445 0.019391 0.295963
 0.479581 0.019391 0.495695 0.005333
 0.594248 0.036960 0.038717 0.330075
 0.033445 0.011798 0.952937 0.001820
 0.904933 0.015877 0.051016 0.028174
 0.007090 0.052773 0.021148 0.918989

MOTIF 12-TACAGGCRTGA STREME-12
letter-probability matrix: alength= 4 w= 11 nsites= 529 P= 4.6e-011
 0.000094 0.000096 0.000096 0.999713
 0.983342 0.000096 0.008538 0.008024
 0.000094 0.838176 0.008538 0.153192
 0.937819 0.000096 0.051417 0.010667
 0.000094 0.000096 0.999715 0.000094
 0.005325 0.000096 0.994484 0.000094
 0.030375 0.791516 0.000096 0.178012
 0.367556 0.000096 0.619816 0.012532
 0.000094 0.034706 0.000096 0.965103
 0.044861 0.000096 0.954949 0.000094
 0.990520 0.000096 0.009289 0.000094

MOTIF 13-GATGASGAMR STREME-13
letter-probability matrix: alength= 4 w= 10 nsites= 12112 P= 3.3e-010
 0.076102 0.011520 0.912056 0.000323
 0.854693 0.000742 0.108243 0.036322
 0.124274 0.233066 0.093219 0.549440
 0.071387 0.001890 0.924580 0.002144
 0.846912 0.031026 0.113559 0.008503
 0.160420 0.350366 0.314994 0.174221
 0.042678 0.005603 0.887397 0.064322
 0.906303 0.005587 0.007930 0.080180
 0.439594 0.310657 0.048721 0.201028
 0.424794 0.046663 0.497220 0.031323

MOTIF 14-ACCRYGCCYGGC STREME-14
letter-probability matrix: alength= 4 w= 12 nsites= 1336 P= 7.2e-010
 0.955352 0.000086 0.044479 0.000083
 0.004772 0.967427 0.007119 0.020681
 0.096893 0.676167 0.038569 0.188370
 0.645329 0.005749 0.335524 0.013398
 0.035157 0.378361 0.028373 0.558109
 0.112496 0.000086 0.859666 0.027752
 0.021885 0.908013 0.002431 0.067671
 0.007569 0.950008 0.015577 0.026845
 0.037924 0.422451 0.037027 0.502598
 0.125427 0.000086 0.874297 0.000191
 0.033877 0.014427 0.951612 0.000083
 0.000083 0.998479 0.000086 0.001352

MOTIF 15-ACTTACCT STREME-15
letter-probability matrix: alength= 4 w= 8 nsites= 6337 P= 9.4e-010
 0.813517 0.040741 0.027836 0.117905
 0.018595 0.953025 0.009802 0.018577
 0.046822 0.043302 0.010732 0.899144
 0.008939 0.057380 0.006583 0.927098
 0.992382 0.000084 0.007451 0.000082
 0.000612 0.990150 0.005153 0.004085
 0.012541 0.923850 0.025983 0.037626
 0.170430 0.038594 0.071696 0.719280

MOTIF 16-GCACTCCAGCCTGGG STREME-16
letter-probability matrix: alength= 4 w= 15 nsites= 564 P= 2.6e-009
 0.063648 0.010686 0.906844 0.018821
 0.026066 0.877101 0.012574 0.084259
 0.964360 0.020909 0.010491 0.004240
 0.010489 0.860568 0.013439 0.115504
 0.010489 0.008408 0.018823 0.962280
 0.030101 0.881398 0.048850 0.039651
 0.004240 0.891459 0.000076 0.104224
 0.945614 0.004242 0.029239 0.020905
 0.072024 0.007738 0.879721 0.040516
 0.018821 0.864733 0.038435 0.078011
 0.020905 0.937285 0.016740 0.025070
 0.003285 0.042601 0.008408 0.945706
 0.089643 0.014657 0.880180 0.015520
 0.079228 0.018823 0.884346 0.017603
 0.087209 0.095225 0.773748 0.043818

MOTIF 17-AACTCCTGGGCTCAA STREME-17
letter-probability matrix: alength= 4 w= 15 nsites= 258 P= 8.7e-007
 0.853287 0.051773 0.094787 0.000153
 0.732847 0.232432 0.021664 0.013057
 0.000153 0.848989 0.013061 0.137797
 0.021660 0.000157 0.000157 0.978026
 0.021660 0.926414 0.021664 0.030263
 0.017359 0.956523 0.000157 0.025961
 0.013057 0.057861 0.000157 0.928925
 0.062158 0.000157 0.928929 0.008756
 0.223824 0.004458 0.758661 0.013057
 0.051043 0.304171 0.627428 0.017359
 0.001939 0.761176 0.017362 0.219523
 0.000153 0.021664 0.000157 0.978026
 0.025961 0.930713 0.013062 0.030263
 0.891999 0.030266 0.064677 0.013057
 0.785848 0.021664 0.136418 0.056071

MOTIF 18-AGTAGCTGGGACTA STREME-18
letter-probability matrix: alength= 4 w= 14 nsites= 162 P= 4.2e-006
 0.959088 0.000258 0.033333 0.007321
 0.078017 0.042675 0.864917 0.014391
 0.000252 0.026264 0.003193 0.970291
 0.999233 0.000258 0.000258 0.000252
 0.000252 0.007327 0.992169 0.000252
 0.000252 0.921474 0.000258 0.078017
 0.000252 0.014397 0.000258 0.985093
 0.205269 0.000258 0.794221 0.000252
 0.146440 0.007327 0.824772 0.021460
 0.042669 0.031471 0.904399 0.021460
 0.925602 0.010263 0.042675 0.021460
 0.021460 0.756346 0.000258 0.221935
 0.028530 0.223721 0.014397 0.733352
 0.956813 0.007327 0.007327 0.028532

MOTIF 19-GCCTGGGCAACA STREME-19
letter-probability matrix: alength= 4 w= 12 nsites= 296 P= 7.3e-006
 0.084550 0.000164 0.915126 0.000160
 0.000160 0.999516 0.000164 0.000160
 0.000160 0.950342 0.018151 0.031347
 0.000160 0.058625 0.000164 0.941051
 0.080522 0.000164 0.919154 0.000160
 0.000160 0.000164 0.999516 0.000160
 0.037213 0.216920 0.725571 0.020296
 0.000160 0.999516 0.000164 0.000160
 0.852143 0.000164 0.120553 0.027140
 0.999512 0.000164 0.000164 0.000160
 0.000160 0.838392 0.000164 0.161284
 0.768198 0.041507 0.190135 0.000160

MOTIF 20-AGCWGCWGCT STREME-20
letter-probability matrix: alength= 4 w= 10 nsites= 6031 P= 8.1e-006
 0.715029 0.143332 0.093267 0.048373
 0.053939 0.000207 0.945653 0.000202
 0.149830 0.820008 0.000207 0.029955
 0.544201 0.042145 0.095476 0.318177
 0.000202 0.000207 0.999390 0.000202
 0.000202 0.999390 0.000207 0.000202
 0.318177 0.095476 0.042145 0.544201
 0.029955 0.000207 0.820008 0.149830
 0.000202 0.945653 0.000207 0.053939
 0.048373 0.093267 0.143332 0.715029

MOTIF 21-ACACACRCACACAC STREME-21
letter-probability matrix: alength= 4 w= 14 nsites= 2478 P= 2.9e-005
 0.999759 0.000081 0.000081 0.000079
 0.042796 0.840676 0.000081 0.116447
 0.680010 0.023839 0.226769 0.069382
 0.004523 0.954982 0.040416 0.000079
 0.740320 0.000081 0.228322 0.031276
 0.000079 0.687545 0.000081 0.312295
 0.597184 0.000081 0.402656 0.000079
 0.028833 0.746897 0.066448 0.157822
 0.663592 0.085358 0.201325 0.049724
 0.000079 0.929327 0.000081 0.070513
 0.753409 0.000081 0.221605 0.024905
 0.020333 0.943251 0.022111 0.014304
 0.907099 0.021128 0.071694 0.000079
 0.000079 0.999761 0.000081 0.000079

MOTIF 22-CCRAGGCC STREME-22
letter-probability matrix: alength= 4 w= 8 nsites= 13696 P= 5.9e-005
 0.012337 0.976296 0.011260 0.000107
 0.000107 0.999676 0.000110 0.000107
 0.371508 0.128546 0.474582 0.025365
 0.701951 0.101837 0.196106 0.000107
 0.012527 0.012673 0.974693 0.000107
 0.086356 0.003669 0.704940 0.205035
 0.090547 0.728388 0.000110 0.180956
 0.000107 0.974084 0.009055 0.016754

MOTIF 23-CCACTGCACTCC STREME-23
letter-probability matrix: alength= 4 w= 12 nsites= 477 P= 8.8e-005
 0.022783 0.877245 0.000132 0.099840
 0.013793 0.921871 0.025294 0.039041
 0.935236 0.011904 0.052731 0.000129
 0.000129 0.943746 0.017984 0.038141
 0.018669 0.026952 0.000469 0.953910
 0.006200 0.021439 0.962355 0.010006
 0.062196 0.790594 0.016888 0.130322
 0.916973 0.060728 0.002089 0.020211
 0.019104 0.872601 0.005228 0.103068
 0.010284 0.037302 0.021081 0.931333
 0.116512 0.863678 0.012448 0.007363
 0.007363 0.964505 0.000132 0.028000

MOTIF 24-ACTGCACTCC STREME-24
letter-probability matrix: alength= 4 w= 10 nsites= 256 P= 1.7e-004
 0.998524 0.000496 0.000496 0.000484
 0.000484 0.900323 0.000496 0.098696
 0.000484 0.044758 0.000496 0.954262
 0.163159 0.000496 0.835861 0.000484
 0.000484 0.848665 0.000496 0.150354
 0.972842 0.000496 0.026178 0.000484
 0.000484 0.950870 0.048162 0.000484
 0.000484 0.000496 0.000496 0.998524
 0.022161 0.928285 0.000496 0.049059
 0.000484 0.998535 0.000496 0.000484

MOTIF 25-GGAAATAA STREME-25
letter-probability matrix: alength= 4 w= 8 nsites= 12329 P= 5.0e-004
 0.281343 0.004835 0.694695 0.019126
 0.207119 0.019838 0.614789 0.158254
 0.958536 0.000198 0.021871 0.019395
 0.960716 0.000198 0.038893 0.000193
 0.982887 0.000198 0.016722 0.000193
 0.060034 0.035975 0.000198 0.903793
 0.970025 0.000198 0.029584 0.000193
 0.768111 0.131811 0.099885 0.000193

MOTIF 26-GGCAACAGA STREME-26
letter-probability matrix: alength= 4 w= 9 nsites= 406 P= 8.6e-004
 0.000734 0.004393 0.994139 0.000734
 0.000734 0.000752 0.997780 0.000734
 0.000734 0.997780 0.000752 0.000734
 0.861200 0.000752 0.137314 0.000734
 0.997762 0.000752 0.000752 0.000734
 0.000734 0.997780 0.000752 0.000734
 0.951703 0.010164 0.037399 0.000734
 0.000734 0.000752 0.780959 0.217555
 0.997762 0.000752 0.000752 0.000734

MOTIF 27-ATCACTTGAGCC STREME-27
letter-probability matrix: alength= 4 w= 12 nsites= 116 P= 9.7e-004
 0.998359 0.000551 0.000551 0.000538
 0.000538 0.000551 0.000551 0.998359
 0.000538 0.998372 0.000551 0.000538
 0.712912 0.000551 0.285999 0.000538
 0.000538 0.912543 0.025922 0.060997
 0.000538 0.000551 0.000551 0.998359
 0.000538 0.015666 0.000551 0.983245
 0.091226 0.000551 0.907685 0.000538
 0.998359 0.000551 0.000551 0.000538
 0.181698 0.030780 0.786983 0.000538
 0.055081 0.854533 0.089848 0.000538
 0.000538 0.912543 0.015666 0.071253

MOTIF 28-TGCDGCWGCHGCA STREME-28
letter-probability matrix: alength= 4 w= 13 nsites= 587 P= 1.1e-003
 0.119934 0.148602 0.088964 0.642500
 0.001803 0.003490 0.992205 0.002502
 0.035874 0.943966 0.000123 0.020037
 0.349312 0.159096 0.252579 0.239014
 0.014001 0.057917 0.922911 0.005170
 0.011904 0.929217 0.035190 0.023688
 0.334857 0.165143 0.165143 0.334857
 0.023688 0.035190 0.929217 0.011904
 0.005170 0.922911 0.057917 0.014001
 0.239014 0.252579 0.159096 0.349312
 0.020037 0.000123 0.943966 0.035874
 0.002502 0.992205 0.003490 0.001803
 0.642500 0.088964 0.148602 0.119934

MOTIF 29-GAGGCAGAG STREME-29
letter-probability matrix: alength= 4 w= 9 nsites= 6247 P= 1.1e-003
 0.088062 0.000146 0.911649 0.000143
 0.846545 0.048772 0.104541 0.000143
 0.000143 0.011508 0.943702 0.044647
 0.050571 0.000146 0.949140 0.000143
 0.000143 0.837553 0.116876 0.045429
 0.674331 0.227074 0.000146 0.098449
 0.029224 0.000146 0.943257 0.027372
 0.758513 0.241199 0.000146 0.000143
 0.054641 0.000146 0.945070 0.000143

MOTIF 30-TCTGTCACCCAGG STREME-30
letter-probability matrix: alength= 4 w= 13 nsites= 179 P= 1.8e-003
 0.046531 0.039947 0.000289 0.913232
 0.000282 0.999146 0.000289 0.000282
 0.000282 0.011514 0.047878 0.940325
 0.000282 0.000289 0.975351 0.024077
 0.039940 0.000289 0.000289 0.959481
 0.013596 0.985832 0.000289 0.000282
 0.744718 0.038607 0.178076 0.038600
 0.000282 0.903968 0.000289 0.095460
 0.000282 0.960830 0.016152 0.022736
 0.000282 0.872242 0.000289 0.127187
 0.900668 0.000289 0.011514 0.087529
 0.019442 0.032015 0.924463 0.024080
 0.000282 0.043244 0.916526 0.039948

MOTIF 31-GTGGGGAGAA STREME-31
letter-probability matrix: alength= 4 w= 10 nsites= 947 P= 2.7e-003
 0.003634 0.000386 0.957924 0.038057
 0.054492 0.062117 0.000386 0.883005
 0.018427 0.028807 0.851320 0.101446
 0.015356 0.002887 0.961132 0.020625
 0.080608 0.000831 0.884324 0.034236
 0.021762 0.017013 0.950242 0.010983
 0.948510 0.036512 0.000660 0.014318
 0.053575 0.000386 0.945663 0.000376
 0.813018 0.033404 0.082946 0.070632
 0.836101 0.021287 0.093897 0.048716

MOTIF 32-GAAGAAAA STREME-32
letter-probability matrix: alength= 4 w= 8 nsites= 3027 P= 3.1e-003
 0.000555 0.000569 0.998321 0.000555
 0.976747 0.000569 0.000569 0.022115
 0.974100 0.001641 0.000569 0.023690
 0.000555 0.000569 0.994130 0.004746
 0.989568 0.000569 0.000569 0.009294
 0.767435 0.231441 0.000569 0.000555
 0.928430 0.000569 0.000569 0.070433
 0.711861 0.109524 0.000569 0.178046

MOTIF 33-AAAGCAAA STREME-33
letter-probability matrix: alength= 4 w= 8 nsites= 8655 P= 3.2e-003
 0.941135 0.000647 0.055569 0.002650
 0.962924 0.013198 0.000171 0.023708
 0.836408 0.027319 0.109808 0.026465
 0.215983 0.048742 0.690610 0.044665
 0.108025 0.805986 0.077638 0.008350
 0.971658 0.011280 0.012126 0.004936
 0.978797 0.005968 0.014930 0.000305
 0.939291 0.000181 0.045927 0.014601

MOTIF 34-AGACCAGCCTGGCCA STREME-34
letter-probability matrix: alength= 4 w= 15 nsites= 167 P= 3.6e-003
 0.989278 0.010025 0.000353 0.000344
 0.010016 0.029369 0.960270 0.000344
 0.965918 0.014041 0.019697 0.000344
 0.000344 0.940926 0.010025 0.048705
 0.000344 0.965926 0.023713 0.010016
 0.960262 0.000353 0.039041 0.000344
 0.039033 0.029369 0.820845 0.110753
 0.019689 0.921582 0.019697 0.039033
 0.029361 0.892566 0.039041 0.039033
 0.000344 0.039041 0.019697 0.940918
 0.043049 0.048713 0.907894 0.000344
 0.087393 0.010025 0.902238 0.000344
 0.058385 0.805509 0.087401 0.048705
 0.039033 0.921582 0.000353 0.039033
 0.965918 0.004369 0.029369 0.000344

MOTIF 35-TTGGCCTCCCAAAGT STREME-35
letter-probability matrix: alength= 4 w= 15 nsites= 79 P= 4.1e-003
 0.000500 0.038112 0.000512 0.960876
 0.014537 0.070699 0.014549 0.900214
 0.098762 0.028587 0.872151 0.000500
 0.112800 0.000512 0.844076 0.042612
 0.000500 0.942338 0.000512 0.056650
 0.000500 0.956376 0.000512 0.042612
 0.000500 0.000512 0.000512 0.998476
 0.056650 0.894397 0.042624 0.006328
 0.056650 0.872151 0.000512 0.070687
 0.000500 0.914263 0.014549 0.070687
 0.970401 0.000512 0.028587 0.000500
 0.984439 0.000512 0.000512 0.014537
 0.956364 0.014549 0.000512 0.028575
 0.042612 0.000512 0.928301 0.028575
 0.014537 0.000512 0.042624 0.942326

MOTIF 36-CCCCAAAC STREME-36
letter-probability matrix: alength= 4 w= 8 nsites= 570 P= 4.9e-003
 0.022455 0.932091 0.023000 0.022455
 0.022455 0.932091 0.023000 0.022455
 0.022455 0.932091 0.023000 0.022455
 0.022455 0.932091 0.023000 0.022455
 0.931545 0.023000 0.023000 0.022455
 0.931545 0.023000 0.023000 0.022455
 0.931545 0.023000 0.023000 0.022455
 0.022455 0.932091 0.023000 0.022455

MOTIF 37-CATGTTGGCCAGG STREME-37
letter-probability matrix: alength= 4 w= 13 nsites= 197 P= 5.7e-003
 0.000206 0.746907 0.017559 0.235329
 0.843495 0.000211 0.156088 0.000206
 0.011771 0.175109 0.000211 0.812909
 0.015697 0.011776 0.972321 0.000206
 0.020684 0.000211 0.000211 0.978895
 0.000206 0.000211 0.000211 0.999372
 0.114878 0.029124 0.855792 0.000206
 0.082582 0.205003 0.689079 0.023336
 0.000206 0.671730 0.000211 0.327853
 0.000206 0.962279 0.000211 0.037304
 0.976242 0.005993 0.017559 0.000206
 0.126448 0.023341 0.793160 0.057051
 0.039708 0.095135 0.784977 0.080181

MOTIF 38-CAGTGGTTCTCAAAC STREME-38
letter-probability matrix: alength= 4 w= 15 nsites= 118 P= 6.1e-003
 0.000338 0.843221 0.000346 0.156095
 0.961016 0.000346 0.038300 0.000338
 0.013766 0.057278 0.919130 0.009826
 0.051721 0.028812 0.000346 0.919121
 0.085735 0.000346 0.894604 0.019315
 0.103103 0.108660 0.674036 0.114201
 0.000338 0.019323 0.028812 0.951527
 0.000338 0.000346 0.009835 0.989481
 0.000338 0.885115 0.000346 0.114201
 0.000338 0.000346 0.000346 0.998970
 0.057269 0.771252 0.000346 0.171132
 0.923061 0.009835 0.066766 0.000338
 0.894596 0.009835 0.095232 0.000338
 0.562495 0.256538 0.066766 0.114201
 0.095224 0.596518 0.232012 0.076247

MOTIF 39-ATYCATCCATCCA STREME-39
letter-probability matrix: alength= 4 w= 13 nsites= 367 P= 6.3e-003
 0.934483 0.000172 0.055747 0.009597
 0.000168 0.099156 0.024027 0.876649
 0.004883 0.393057 0.021824 0.580237
 0.023831 0.919128 0.002130 0.054911
 0.992136 0.000172 0.007525 0.000168
 0.090032 0.092714 0.000172 0.817081
 0.009597 0.705254 0.034750 0.250399
 0.032283 0.962662 0.004887 0.000168
 0.980630 0.000172 0.019031 0.000168
 0.115839 0.014425 0.000172 0.869564
 0.000168 0.680870 0.000172 0.318790
 0.003942 0.895003 0.002130 0.098926
 0.980712 0.000172 0.018357 0.000758

MOTIF 40-AGGAAATG STREME-40
letter-probability matrix: alength= 4 w= 8 nsites= 4370 P= 6.6e-003
 0.806819 0.047936 0.097756 0.047488
 0.022835 0.003260 0.964427 0.009477
 0.093509 0.051179 0.816524 0.038787
 0.905987 0.046958 0.002315 0.044740
 0.944953 0.005796 0.043585 0.005666
 0.894027 0.041245 0.041962 0.022765
 0.000337 0.102293 0.029951 0.867418
 0.018466 0.025615 0.955335 0.000584

MOTIF 41-TAAAATAC STREME-41
letter-probability matrix: alength= 4 w= 8 nsites= 3625 P= 8.0e-003
 0.000464 0.033222 0.000475 0.965840
 0.711474 0.094124 0.148542 0.045859
 0.946957 0.010203 0.004221 0.038619
 0.965809 0.006269 0.020893 0.007029
 0.960693 0.028398 0.008614 0.002295
 0.000464 0.000475 0.000475 0.998586
 0.936955 0.000475 0.062107 0.000464
 0.106136 0.697305 0.060763 0.135796

MOTIF 42-CTTCCCCA STREME-42
letter-probability matrix: alength= 4 w= 8 nsites= 6204 P= 1.3e-002
 0.000881 0.984857 0.013951 0.000311
 0.081562 0.000319 0.000319 0.917800
 0.030376 0.000319 0.000319 0.968986
 0.042318 0.792835 0.005413 0.159434
 0.001280 0.879561 0.010736 0.108423
 0.013856 0.880115 0.001982 0.104047
 0.060579 0.880343 0.021139 0.037939
 0.900548 0.000319 0.098822 0.000311

MOTIF 43-TGGGGACA STREME-43
letter-probability matrix: alength= 4 w= 8 nsites= 8816 P= 1.7e-002
 0.000292 0.101090 0.000299 0.898318
 0.010196 0.035180 0.953244 0.001380
 0.090641 0.005568 0.903498 0.000292
 0.000292 0.029908 0.880716 0.089084
 0.058278 0.000299 0.934005 0.007418
 0.944626 0.000299 0.000299 0.054775
 0.000292 0.975961 0.000299 0.023448
 0.694642 0.213215 0.058112 0.034032

MOTIF 44-CTACTYGGGAGGC STREME-44
letter-probability matrix: alength= 4 w= 13 nsites= 67 P= 2.0e-002
 0.000534 0.998384 0.000547 0.000534
 0.030540 0.030553 0.000547 0.938360
 0.962136 0.000547 0.036782 0.000534
 0.000534 0.968379 0.000547 0.030540
 0.000534 0.000547 0.060558 0.938360
 0.030540 0.353259 0.090569 0.525632
 0.196989 0.000547 0.801930 0.000534
 0.000534 0.000547 0.998384 0.000534
 0.105559 0.000547 0.893360 0.000534
 0.968366 0.000547 0.030553 0.000534
 0.000534 0.000547 0.998384 0.000534
 0.000534 0.045556 0.938373 0.015537
 0.015537 0.923370 0.060558 0.000534

MOTIF 45-GAGTTCRAGACC STREME-45
letter-probability matrix: alength= 4 w= 12 nsites= 104 P= 2.0e-002
 0.037105 0.000446 0.949791 0.012658
 0.921668 0.000446 0.077451 0.000435
 0.024882 0.020963 0.871639 0.082515
 0.042180 0.000446 0.000446 0.956928
 0.000435 0.000446 0.000446 0.998673
 0.000435 0.775965 0.000446 0.223154
 0.575444 0.000446 0.417063 0.007047
 0.937557 0.000446 0.000446 0.061551
 0.000435 0.000446 0.998684 0.000435
 0.969151 0.000446 0.000446 0.029957
 0.024882 0.956939 0.000446 0.017734
 0.000435 0.925340 0.024892 0.049332

MOTIF 46-GCTCACTGCARCCT STREME-46
letter-probability matrix: alength= 4 w= 14 nsites= 125 P= 2.0e-002
 0.104595 0.026388 0.868707 0.000309
 0.043762 0.929540 0.000317 0.026381
 0.000309 0.017698 0.000317 0.981676
 0.017690 0.886088 0.052460 0.043762
 0.929533 0.000317 0.061150 0.009000
 0.009000 0.903469 0.009007 0.078524
 0.009000 0.017698 0.000317 0.972985
 0.012608 0.000317 0.986765 0.000309
 0.000309 0.897572 0.009007 0.093111
 0.978067 0.009007 0.012616 0.000309
 0.527634 0.009007 0.463050 0.000309
 0.052452 0.851326 0.035079 0.061143
 0.009000 0.960690 0.009007 0.021303
 0.000309 0.017698 0.017698 0.964295

MOTIF 47-AAGTCACTGC STREME-47
letter-probability matrix: alength= 4 w= 10 nsites= 2615 P= 2.1e-002
 0.776858 0.058034 0.073126 0.091982
 0.830354 0.093188 0.034737 0.041721
 0.071874 0.030041 0.862938 0.035147
 0.027875 0.068336 0.033832 0.869957
 0.060423 0.769607 0.097004 0.072966
 0.900540 0.020909 0.051273 0.027278
 0.102701 0.757316 0.042241 0.097742
 0.023192 0.071655 0.086317 0.818836
 0.069216 0.039426 0.771366 0.119992
 0.085078 0.803696 0.054465 0.056761

MOTIF 48-CCCAGCCCTGC STREME-48
letter-probability matrix: alength= 4 w= 11 nsites= 5445 P= 2.2e-002
 0.053918 0.861060 0.044643 0.040380
 0.055464 0.837034 0.069747 0.037755
 0.072805 0.747293 0.102243 0.077660
 0.795054 0.092545 0.066786 0.045615
 0.071006 0.038971 0.820085 0.069938
 0.030693 0.921818 0.009007 0.038482
 0.067292 0.799822 0.070867 0.062019
 0.074125 0.796520 0.047012 0.082342
 0.051181 0.065219 0.078428 0.805172
 0.087441 0.019794 0.857943 0.034822
 0.037422 0.888474 0.035848 0.038256

MOTIF 49-CTGCCCTC STREME-49
letter-probability matrix: alength= 4 w= 8 nsites= 1452 P= 2.4e-002
 0.022455 0.932091 0.023000 0.022455
 0.022455 0.023000 0.023000 0.931545
 0.022455 0.023000 0.932091 0.022455
 0.022455 0.932091 0.023000 0.022455
 0.022455 0.932091 0.023000 0.022455
 0.022455 0.932091 0.023000 0.022455
 0.022455 0.023000 0.023000 0.931545
 0.022455 0.932091 0.023000 0.022455

MOTIF 50-GGAGACAGA STREME-50
letter-probability matrix: alength= 4 w= 9 nsites= 3694 P= 3.0e-002
 0.038909 0.003451 0.956543 0.001096
 0.124869 0.001432 0.867223 0.006475
 0.756257 0.000399 0.063828 0.179516
 0.036577 0.070754 0.866504 0.026165
 0.946232 0.002636 0.025653 0.025478
 0.021423 0.903736 0.046959 0.027882
 0.954149 0.019958 0.013814 0.012079
 0.031679 0.026239 0.939292 0.002790
 0.944681 0.012047 0.037821 0.005451

MOTIF 51-WWGTCATY STREME-51
letter-probability matrix: alength= 4 w= 8 nsites= 2856 P= 3.0e-002
 0.665910 0.000421 0.000421 0.333248
 0.562584 0.026796 0.000421 0.410199
 0.000411 0.000421 0.998757 0.000411
 0.000411 0.000421 0.000421 0.998747
 0.000411 0.998757 0.000421 0.000411
 0.977821 0.000421 0.021347 0.000411
 0.000411 0.000421 0.000421 0.998747
 0.158573 0.333242 0.000421 0.507764

MOTIF 52-TTTWWAAA STREME-52
letter-probability matrix: alength= 4 w= 8 nsites= 1786 P= 3.2e-002
 0.022455 0.023000 0.023000 0.931545
 0.022455 0.023000 0.023000 0.931545
 0.022455 0.023000 0.023000 0.931545
 0.477000 0.023000 0.023000 0.477000
 0.477000 0.023000 0.023000 0.477000
 0.931545 0.023000 0.023000 0.022455
 0.931545 0.023000 0.023000 0.022455
 0.931545 0.023000 0.023000 0.022455

MOTIF 53-ACCTYGTGATCYGCC STREME-53
letter-probability matrix: alength= 4 w= 15 nsites= 67 P= 3.2e-002
 0.936931 0.000560 0.061962 0.000547
 0.000547 0.952295 0.000560 0.046598
 0.031248 0.936945 0.015910 0.015897
 0.000547 0.061962 0.000560 0.936931
 0.000547 0.629933 0.031261 0.338259
 0.200104 0.000560 0.798789 0.000547
 0.015897 0.015910 0.015910 0.952282
 0.000547 0.000560 0.998347 0.000547
 0.890880 0.046612 0.061962 0.000547
 0.000547 0.000560 0.000560 0.998334
 0.000547 0.967646 0.000560 0.031248
 0.000547 0.553180 0.000560 0.445713
 0.307558 0.000560 0.660634 0.031248
 0.000547 0.998347 0.000560 0.000547
 0.077299 0.921594 0.000560 0.000547

MOTIF 54-GCCTCAGTTTCCYC STREME-54
letter-probability matrix: alength= 4 w= 14 nsites= 197 P= 3.3e-002
 0.120058 0.018558 0.841652 0.019731
 0.055224 0.847581 0.051655 0.045540
 0.012441 0.968783 0.000223 0.018553
 0.000218 0.061341 0.000223 0.938218
 0.006329 0.941798 0.006335 0.045538
 0.919883 0.073565 0.006335 0.000218
 0.012441 0.000223 0.987118 0.000218
 0.000218 0.000223 0.012447 0.987113
 0.030777 0.000223 0.000223 0.968777
 0.091895 0.088328 0.006335 0.813442
 0.073559 0.845096 0.006335 0.075010
 0.021091 0.827063 0.018558 0.133288
 0.043000 0.458699 0.024670 0.473631
 0.090858 0.680808 0.033320 0.195014

MOTIF 55-AAAGTGCTGGGATTA STREME-55
letter-probability matrix: alength= 4 w= 15 nsites= 124 P= 3.4e-002
 0.903525 0.026371 0.043741 0.026364
 0.938264 0.000317 0.043741 0.017679
 0.981688 0.017686 0.000317 0.000309
 0.078472 0.000317 0.912217 0.008994
 0.000309 0.026371 0.009002 0.964318
 0.061103 0.009002 0.912217 0.017679
 0.008994 0.929587 0.009002 0.052418
 0.008994 0.026371 0.009002 0.955633
 0.139265 0.017686 0.842739 0.000309
 0.052418 0.017686 0.920902 0.008994
 0.095842 0.026371 0.851424 0.026364
 0.955633 0.009002 0.035056 0.000309
 0.000309 0.000317 0.000317 0.999057
 0.008994 0.009002 0.000317 0.981688
 0.912210 0.017686 0.061110 0.008994

MOTIF 56-TTCTCAAA STREME-56
letter-probability matrix: alength= 4 w= 8 nsites= 699 P= 3.9e-002
 0.001364 0.001397 0.001397 0.995843
 0.001364 0.001397 0.001397 0.995843
 0.001364 0.995876 0.001397 0.001364
 0.001364 0.001397 0.224650 0.772590
 0.001364 0.995876 0.001397 0.001364
 0.932072 0.001397 0.065168 0.001364
 0.995843 0.001397 0.001397 0.001364
 0.995843 0.001397 0.001397 0.001364

MOTIF 57-AACAACAACAAMAA STREME-57
letter-probability matrix: alength= 4 w= 14 nsites= 113 P= 4.0e-002
 0.965843 0.000467 0.033234 0.000456
 0.896187 0.026071 0.051681 0.026060
 0.000456 0.960215 0.000467 0.038862
 0.883391 0.000467 0.090082 0.026060
 0.998610 0.000467 0.000467 0.000456
 0.000456 0.973017 0.000467 0.026060
 0.973006 0.000467 0.013269 0.013258
 0.998610 0.000467 0.000467 0.000456
 0.000456 0.896204 0.000467 0.102873
 0.954888 0.000467 0.044189 0.000456
 0.954888 0.000467 0.000467 0.044178
 0.353845 0.645232 0.000467 0.000456
 0.998610 0.000467 0.000467 0.000456
 0.952472 0.046605 0.000467 0.000456

MOTIF 58-GCCTGGCACATA STREME-58
letter-probability matrix: alength= 4 w= 12 nsites= 241 P= 4.9e-002
 0.041725 0.010718 0.936846 0.010711
 0.010705 0.917932 0.010720 0.060643
 0.008952 0.886934 0.031388 0.072727
 0.010705 0.021051 0.010714 0.957530
 0.021048 0.021051 0.941600 0.016301
 0.036971 0.002370 0.949951 0.010709
 0.010705 0.916191 0.010714 0.062390
 0.955531 0.002370 0.031388 0.010711
 0.002361 0.943210 0.010714 0.043715
 0.922445 0.020833 0.056354 0.000368
 0.022521 0.057772 0.094307 0.825401
 0.887531 0.017728 0.093409 0.001332

MOTIF 59-GGCAACAAGAGTGAA STREME-59
letter-probability matrix: alength= 4 w= 15 nsites= 63 P= 6.4e-002
 0.063828 0.000767 0.913630 0.021775
 0.042801 0.000767 0.955683 0.000749
 0.000749 0.850551 0.063846 0.084854
 0.829507 0.000767 0.147951 0.021775
 0.913612 0.021793 0.042820 0.021775
 0.000749 0.955683 0.042820 0.000749
 0.934638 0.000767 0.021793 0.042801
 0.955665 0.021793 0.000767 0.021775
 0.021775 0.042820 0.934657 0.000749
 0.988987 0.000767 0.009497 0.000749
 0.072558 0.000767 0.925926 0.000749
 0.042801 0.253083 0.042820 0.661296
 0.147933 0.042820 0.787472 0.021775
 0.955665 0.021793 0.000767 0.021775
 0.892586 0.021793 0.063846 0.021775

MOTIF 60-GACCCTGTCTCAAA STREME-60
letter-probability matrix: alength= 4 w= 14 nsites= 255 P= 7.0e-002
 0.129988 0.082453 0.787376 0.000183
 0.994300 0.000188 0.000188 0.005325
 0.029380 0.649196 0.226558 0.094867
 0.242339 0.560645 0.000188 0.196828
 0.010466 0.865763 0.005329 0.118441
 0.064017 0.093999 0.000188 0.841796
 0.010466 0.051603 0.937747 0.000183
 0.010466 0.120579 0.010471 0.858484
 0.005325 0.977889 0.000188 0.016599
 0.000183 0.000188 0.000188 0.999442
 0.056741 0.825502 0.015612 0.102145
 0.879920 0.012608 0.000188 0.107285
 0.994300 0.000188 0.000188 0.005325
 0.973734 0.025895 0.000188 0.000183

MOTIF 61-AGCCCCAGCTCCT STREME-61
letter-probability matrix: alength= 4 w= 13 nsites= 477 P= 1.0e-001
 0.837899 0.035030 0.084579 0.042492
 0.061496 0.045926 0.867411 0.025168
 0.048627 0.838527 0.058730 0.054116
 0.066459 0.837581 0.027456 0.068504
 0.062858 0.854220 0.004883 0.078039
 0.044412 0.892648 0.031256 0.031684
 0.810812 0.044466 0.062290 0.082432
 0.022939 0.034992 0.913623 0.028445
 0.033996 0.881678 0.044418 0.039908
 0.104109 0.017481 0.035957 0.842454
 0.032711 0.845828 0.069343 0.052118
 0.048095 0.855547 0.049034 0.047324
 0.090588 0.102421 0.025705 0.781286

********************************************************************************
Stopped because 3 consecutive motifs exceeded the p-value threshold (0.05).
********************************************************************************
COMMAND:	streme --p PRPF17.fna --dna --oc .
********************************************************************************
CPU:		Tools
********************************************************************************
FINALTIME:	42897.04 seconds
********************************************************************************
